2023-11-18 14:48:20.979545[Thread 0x00000001d9659ec0]:gui mode, Current OrcaSlicer Version 1.8.0
2023-11-18 14:48:20.981240[Thread 0x00000001d9659ec0]:load_language: language , initial: 1
2023-11-18 14:48:20.981258[Thread 0x00000001d9659ec0]:language provided by OrcaSlicer.conf: en_GB
2023-11-18 14:48:20.995779[Thread 0x00000001d9659ec0]:Update_dark_mode_flag: switch the current dark mode status to 1 
2023-11-18 14:48:20.996651[Thread 0x00000001d9659ec0]:begin to show the splash screen...
2023-11-18 14:48:21.008726[Thread 0x00000001d9659ec0]:loading systen presets...
2023-11-18 14:48:21.009676[Thread 0x00000001d9659ec0]:[BBL Updater]:Checking whether the profile from resource is newer
2023-11-18 14:48:21.009770[Thread 0x00000001d9659ec0]:Installing 2 bundles from resources ...
2023-11-18 14:48:21.017739[Thread 0x00000001d9659ec0]:[BBL Updater]:Performing 8 updates
2023-11-18 14:48:21.017753[Thread 0x00000001d9659ec0]:	Update(/Applications/OrcaSlicer.app/Contents/Resources/profiles/Custom.json -> /Users/pato/Library/Application Support/OrcaSlicer/system/Custom.json)
2023-11-18 14:48:21.018066[Thread 0x00000001d9659ec0]:	Update(/Applications/OrcaSlicer.app/Contents/Resources/profiles/Custom/process -> /Users/pato/Library/Application Support/OrcaSlicer/system/Custom/process)
2023-11-18 14:48:21.018072[Thread 0x00000001d9659ec0]:copy_directory_recursively "/Applications/OrcaSlicer.app/Contents/Resources/profiles/Custom/process" -> "/Users/pato/Library/Application Support/OrcaSlicer/system/Custom/process"
2023-11-18 14:48:21.021272[Thread 0x00000001d9659ec0]:	Update(/Applications/OrcaSlicer.app/Contents/Resources/profiles/Custom/filament -> /Users/pato/Library/Application Support/OrcaSlicer/system/Custom/filament)
2023-11-18 14:48:21.021279[Thread 0x00000001d9659ec0]:copy_directory_recursively "/Applications/OrcaSlicer.app/Contents/Resources/profiles/Custom/filament" -> "/Users/pato/Library/Application Support/OrcaSlicer/system/Custom/filament"
2023-11-18 14:48:21.025118[Thread 0x00000001d9659ec0]:	Update(/Applications/OrcaSlicer.app/Contents/Resources/profiles/Custom/machine -> /Users/pato/Library/Application Support/OrcaSlicer/system/Custom/machine)
2023-11-18 14:48:21.025123[Thread 0x00000001d9659ec0]:copy_directory_recursively "/Applications/OrcaSlicer.app/Contents/Resources/profiles/Custom/machine" -> "/Users/pato/Library/Application Support/OrcaSlicer/system/Custom/machine"
2023-11-18 14:48:21.026491[Thread 0x00000001d9659ec0]:	Update(/Applications/OrcaSlicer.app/Contents/Resources/profiles/Creality.json -> /Users/pato/Library/Application Support/OrcaSlicer/system/Creality.json)
2023-11-18 14:48:21.026861[Thread 0x00000001d9659ec0]:	Update(/Applications/OrcaSlicer.app/Contents/Resources/profiles/Creality/process -> /Users/pato/Library/Application Support/OrcaSlicer/system/Creality/process)
2023-11-18 14:48:21.026864[Thread 0x00000001d9659ec0]:copy_directory_recursively "/Applications/OrcaSlicer.app/Contents/Resources/profiles/Creality/process" -> "/Users/pato/Library/Application Support/OrcaSlicer/system/Creality/process"
2023-11-18 14:48:21.041245[Thread 0x00000001d9659ec0]:	Update(/Applications/OrcaSlicer.app/Contents/Resources/profiles/Creality/filament -> /Users/pato/Library/Application Support/OrcaSlicer/system/Creality/filament)
2023-11-18 14:48:21.041256[Thread 0x00000001d9659ec0]:copy_directory_recursively "/Applications/OrcaSlicer.app/Contents/Resources/profiles/Creality/filament" -> "/Users/pato/Library/Application Support/OrcaSlicer/system/Creality/filament"
2023-11-18 14:48:21.043896[Thread 0x00000001d9659ec0]:	Update(/Applications/OrcaSlicer.app/Contents/Resources/profiles/Creality/machine -> /Users/pato/Library/Application Support/OrcaSlicer/system/Creality/machine)
2023-11-18 14:48:21.043901[Thread 0x00000001d9659ec0]:copy_directory_recursively "/Applications/OrcaSlicer.app/Contents/Resources/profiles/Creality/machine" -> "/Users/pato/Library/Application Support/OrcaSlicer/system/Creality/machine"
2023-11-18 14:48:21.054325[Thread 0x00000001d9659ec0]:initialize_network_module, successfully loaded library /Users/pato/Library/Application Support/OrcaSlicer/plugins/libbambu_networking.dylib, module 0x86d88310
2023-11-18 14:48:21.054416[Thread 0x00000001d9659ec0]:get_network_function, can not find function bambu_network_get_profile_3mf
2023-11-18 14:48:21.054425[Thread 0x00000001d9659ec0]:on_init_network: on_init_network, load dll ok
2023-11-18 14:48:21.054427[Thread 0x00000001d9659ec0]:get_network_agent_version=01.07.07.07
2023-11-18 14:48:21.054428[Thread 0x00000001d9659ec0]:on_init_network: on_init_network, compatibility version
2023-11-18 14:48:21.056123[Thread 0x00000001d9659ec0]:on_init_network, create network agent...
2023-11-18 14:48:21.056207[Thread 0x00000001d9659ec0]:NetworkAgent, this 0x600001328720, network_agent=0x6000013286f0, create_agent_ptr=1
2023-11-18 14:48:21.056354[Thread 0x00000001d9659ec0]:init_networking_callbacks: enter, m_agent=0x600001328720
2023-11-18 14:48:21.056364[Thread 0x00000001d9659ec0]:init_networking_callbacks: exit, m_agent=0x600001328720
2023-11-18 14:48:21.056650[Thread 0x00000001d9659ec0]:load_presets enter, substitution_rule 3, preferred printer_model_id 
2023-11-18 14:48:21.056726[Thread 0x00000001d9659ec0]:load_vendor_configs_from_json: parse /Users/pato/Library/Application Support/OrcaSlicer/system/Custom.json, got description:  "My configurations"
2023-11-18 14:48:21.062038[Thread 0x00000001d9659ec0]:load_vendor_configs_from_json: parse /Users/pato/Library/Application Support/OrcaSlicer/system/Creality.json, got description:  "Creality configurations"
2023-11-18 14:48:21.083568[Thread 0x00000001d9659ec0]:update_compatibility for all presets enter
2023-11-18 14:48:21.083586[Thread 0x00000001d9659ec0]:update_compatibility for all presets exit
2023-11-18 14:48:21.083590[Thread 0x00000001d9659ec0]:update_compatibility for all presets enter
2023-11-18 14:48:21.083594[Thread 0x00000001d9659ec0]:update_compatibility for all presets exit
2023-11-18 14:48:21.083805[Thread 0x00000001d9659ec0]:update_compatibility for all presets enter
2023-11-18 14:48:21.083830[Thread 0x00000001d9659ec0]:update_compatibility for all presets exit
2023-11-18 14:48:21.083832[Thread 0x00000001d9659ec0]:load_presets finished, returned substitutions 0
2023-11-18 14:48:21.083839[Thread 0x00000001d9659ec0]:start_sync_service...
2023-11-18 14:48:21.083866[Thread 0x00000001d9659ec0]:create the main window
2023-11-18 14:48:21.121195[Thread 0x00000001d9659ec0]:Can't find HarmonyOS Sans SC font
2023-11-18 14:48:21.121232[Thread 0x00000001d9659ec0]:Use system font instead: .AppleSystemUIFont
2023-11-18 14:48:21.121262[Thread 0x00000001d9659ec0]:Can't find HarmonyOS Sans SC font
2023-11-18 14:48:21.121274[Thread 0x00000001d9659ec0]:Use system font instead: .AppleSystemUIFont
2023-11-18 14:48:21.121344[Thread 0x00000001d9659ec0]:Can't find HarmonyOS Sans SC font
2023-11-18 14:48:21.121355[Thread 0x00000001d9659ec0]:Use system font instead: .AppleSystemUIFont
2023-11-18 14:48:21.121368[Thread 0x00000001d9659ec0]:Can't find HarmonyOS Sans SC font
2023-11-18 14:48:21.121378[Thread 0x00000001d9659ec0]:Use system font instead: .AppleSystemUIFont
2023-11-18 14:48:21.121391[Thread 0x00000001d9659ec0]:Can't find HarmonyOS Sans SC font
2023-11-18 14:48:21.121401[Thread 0x00000001d9659ec0]:Use system font instead: .AppleSystemUIFont
2023-11-18 14:48:21.121432[Thread 0x00000001d9659ec0]:Can't find HarmonyOS Sans SC font
2023-11-18 14:48:21.121441[Thread 0x00000001d9659ec0]:Use system font instead: .AppleSystemUIFont
2023-11-18 14:48:21.121453[Thread 0x00000001d9659ec0]:Can't find HarmonyOS Sans SC font
2023-11-18 14:48:21.121461[Thread 0x00000001d9659ec0]:Use system font instead: .AppleSystemUIFont
2023-11-18 14:48:21.121607[Thread 0x00000001d9659ec0]:Can't find HarmonyOS Sans SC font
2023-11-18 14:48:21.121624[Thread 0x00000001d9659ec0]:Use system font instead: .AppleSystemUIFont
2023-11-18 14:48:21.121687[Thread 0x00000001d9659ec0]:Can't find HarmonyOS Sans SC font
2023-11-18 14:48:21.121700[Thread 0x00000001d9659ec0]:Use system font instead: .AppleSystemUIFont
2023-11-18 14:48:21.121714[Thread 0x00000001d9659ec0]:Can't find HarmonyOS Sans SC font
2023-11-18 14:48:21.121762[Thread 0x00000001d9659ec0]:Use system font instead: .AppleSystemUIFont
2023-11-18 14:48:21.121787[Thread 0x00000001d9659ec0]:Can't find HarmonyOS Sans SC font
2023-11-18 14:48:21.121796[Thread 0x00000001d9659ec0]:Use system font instead: .AppleSystemUIFont
2023-11-18 14:48:21.121807[Thread 0x00000001d9659ec0]:Can't find HarmonyOS Sans SC font
2023-11-18 14:48:21.121816[Thread 0x00000001d9659ec0]:Use system font instead: .AppleSystemUIFont
2023-11-18 14:48:21.121827[Thread 0x00000001d9659ec0]:Can't find HarmonyOS Sans SC font
2023-11-18 14:48:21.121836[Thread 0x00000001d9659ec0]:Use system font instead: .AppleSystemUIFont
2023-11-18 14:48:21.121855[Thread 0x00000001d9659ec0]:Can't find HarmonyOS Sans SC font
2023-11-18 14:48:21.121863[Thread 0x00000001d9659ec0]:Use system font instead: .AppleSystemUIFont
2023-11-18 14:48:21.121874[Thread 0x00000001d9659ec0]:Can't find HarmonyOS Sans SC font
2023-11-18 14:48:21.121882[Thread 0x00000001d9659ec0]:Use system font instead: .AppleSystemUIFont
2023-11-18 14:48:21.121985[Thread 0x00000001d9659ec0]:Can't find HarmonyOS Sans SC font
2023-11-18 14:48:21.121996[Thread 0x00000001d9659ec0]:Use system font instead: .AppleSystemUIFont
2023-11-18 14:48:21.122054[Thread 0x00000001d9659ec0]:Can't find HarmonyOS Sans SC font
2023-11-18 14:48:21.122064[Thread 0x00000001d9659ec0]:Use system font instead: .AppleSystemUIFont
2023-11-18 14:48:21.122172[Thread 0x00000001d9659ec0]:Can't find HarmonyOS Sans SC font
2023-11-18 14:48:21.122182[Thread 0x00000001d9659ec0]:Use system font instead: .AppleSystemUIFont
2023-11-18 14:48:21.122193[Thread 0x00000001d9659ec0]:Can't find HarmonyOS Sans SC font
2023-11-18 14:48:21.122202[Thread 0x00000001d9659ec0]:Use system font instead: .AppleSystemUIFont
2023-11-18 14:48:21.122220[Thread 0x00000001d9659ec0]:Can't find HarmonyOS Sans SC font
2023-11-18 14:48:21.122228[Thread 0x00000001d9659ec0]:Use system font instead: .AppleSystemUIFont
2023-11-18 14:48:21.122239[Thread 0x00000001d9659ec0]:Can't find HarmonyOS Sans SC font
2023-11-18 14:48:21.122247[Thread 0x00000001d9659ec0]:Use system font instead: .AppleSystemUIFont
2023-11-18 14:48:21.122257[Thread 0x00000001d9659ec0]:Can't find HarmonyOS Sans SC font
2023-11-18 14:48:21.122266[Thread 0x00000001d9659ec0]:Use system font instead: .AppleSystemUIFont
2023-11-18 14:48:21.122283[Thread 0x00000001d9659ec0]:Can't find HarmonyOS Sans SC font
2023-11-18 14:48:21.122291[Thread 0x00000001d9659ec0]:Use system font instead: .AppleSystemUIFont
2023-11-18 14:48:21.122301[Thread 0x00000001d9659ec0]:Can't find HarmonyOS Sans SC font
2023-11-18 14:48:21.122309[Thread 0x00000001d9659ec0]:Use system font instead: .AppleSystemUIFont
2023-11-18 14:48:21.122371[Thread 0x00000001d9659ec0]:Can't find HarmonyOS Sans SC font
2023-11-18 14:48:21.122381[Thread 0x00000001d9659ec0]:Use system font instead: .AppleSystemUIFont
2023-11-18 14:48:21.122397[Thread 0x00000001d9659ec0]:Can't find HarmonyOS Sans SC font
2023-11-18 14:48:21.122405[Thread 0x00000001d9659ec0]:Use system font instead: .AppleSystemUIFont
2023-11-18 14:48:21.122456[Thread 0x00000001d9659ec0]:Can't find HarmonyOS Sans SC font
2023-11-18 14:48:21.122466[Thread 0x00000001d9659ec0]:Use system font instead: .AppleSystemUIFont
2023-11-18 14:48:21.129342[Thread 0x00000001d9659ec0]:Can't find HarmonyOS Sans SC font
2023-11-18 14:48:21.129372[Thread 0x00000001d9659ec0]:Use system font instead: .AppleSystemUIFont
2023-11-18 14:48:21.129395[Thread 0x00000001d9659ec0]:Can't find HarmonyOS Sans SC font
2023-11-18 14:48:21.129406[Thread 0x00000001d9659ec0]:Use system font instead: .AppleSystemUIFont
2023-11-18 14:48:21.129434[Thread 0x00000001d9659ec0]:Can't find HarmonyOS Sans SC font
2023-11-18 14:48:21.129444[Thread 0x00000001d9659ec0]:Use system font instead: .AppleSystemUIFont
2023-11-18 14:48:21.129456[Thread 0x00000001d9659ec0]:Can't find HarmonyOS Sans SC font
2023-11-18 14:48:21.129465[Thread 0x00000001d9659ec0]:Use system font instead: .AppleSystemUIFont
2023-11-18 14:48:21.129477[Thread 0x00000001d9659ec0]:Can't find HarmonyOS Sans SC font
2023-11-18 14:48:21.129524[Thread 0x00000001d9659ec0]:Use system font instead: .AppleSystemUIFont
2023-11-18 14:48:21.129546[Thread 0x00000001d9659ec0]:Can't find HarmonyOS Sans SC font
2023-11-18 14:48:21.129555[Thread 0x00000001d9659ec0]:Use system font instead: .AppleSystemUIFont
2023-11-18 14:48:21.129566[Thread 0x00000001d9659ec0]:Can't find HarmonyOS Sans SC font
2023-11-18 14:48:21.129574[Thread 0x00000001d9659ec0]:Use system font instead: .AppleSystemUIFont
2023-11-18 14:48:21.129662[Thread 0x00000001d9659ec0]:Can't find HarmonyOS Sans SC font
2023-11-18 14:48:21.129673[Thread 0x00000001d9659ec0]:Use system font instead: .AppleSystemUIFont
2023-11-18 14:48:21.129771[Thread 0x00000001d9659ec0]:Can't find HarmonyOS Sans SC font
2023-11-18 14:48:21.129782[Thread 0x00000001d9659ec0]:Use system font instead: .AppleSystemUIFont
2023-11-18 14:48:21.129793[Thread 0x00000001d9659ec0]:Can't find HarmonyOS Sans SC font
2023-11-18 14:48:21.129801[Thread 0x00000001d9659ec0]:Use system font instead: .AppleSystemUIFont
2023-11-18 14:48:21.129820[Thread 0x00000001d9659ec0]:Can't find HarmonyOS Sans SC font
2023-11-18 14:48:21.129828[Thread 0x00000001d9659ec0]:Use system font instead: .AppleSystemUIFont
2023-11-18 14:48:21.129839[Thread 0x00000001d9659ec0]:Can't find HarmonyOS Sans SC font
2023-11-18 14:48:21.129847[Thread 0x00000001d9659ec0]:Use system font instead: .AppleSystemUIFont
2023-11-18 14:48:21.129858[Thread 0x00000001d9659ec0]:Can't find HarmonyOS Sans SC font
2023-11-18 14:48:21.129866[Thread 0x00000001d9659ec0]:Use system font instead: .AppleSystemUIFont
2023-11-18 14:48:21.129883[Thread 0x00000001d9659ec0]:Can't find HarmonyOS Sans SC font
2023-11-18 14:48:21.129891[Thread 0x00000001d9659ec0]:Use system font instead: .AppleSystemUIFont
2023-11-18 14:48:21.129901[Thread 0x00000001d9659ec0]:Can't find HarmonyOS Sans SC font
2023-11-18 14:48:21.129910[Thread 0x00000001d9659ec0]:Use system font instead: .AppleSystemUIFont
2023-11-18 14:48:21.129975[Thread 0x00000001d9659ec0]:Can't find HarmonyOS Sans SC font
2023-11-18 14:48:21.129985[Thread 0x00000001d9659ec0]:Use system font instead: .AppleSystemUIFont
2023-11-18 14:48:21.130034[Thread 0x00000001d9659ec0]:Can't find HarmonyOS Sans SC font
2023-11-18 14:48:21.130044[Thread 0x00000001d9659ec0]:Use system font instead: .AppleSystemUIFont
2023-11-18 14:48:21.130119[Thread 0x00000001d9659ec0]:Can't find HarmonyOS Sans SC font
2023-11-18 14:48:21.130130[Thread 0x00000001d9659ec0]:Use system font instead: .AppleSystemUIFont
2023-11-18 14:48:21.130141[Thread 0x00000001d9659ec0]:Can't find HarmonyOS Sans SC font
2023-11-18 14:48:21.130149[Thread 0x00000001d9659ec0]:Use system font instead: .AppleSystemUIFont
2023-11-18 14:48:21.130167[Thread 0x00000001d9659ec0]:Can't find HarmonyOS Sans SC font
2023-11-18 14:48:21.130175[Thread 0x00000001d9659ec0]:Use system font instead: .AppleSystemUIFont
2023-11-18 14:48:21.130189[Thread 0x00000001d9659ec0]:Can't find HarmonyOS Sans SC font
2023-11-18 14:48:21.130197[Thread 0x00000001d9659ec0]:Use system font instead: .AppleSystemUIFont
2023-11-18 14:48:21.130207[Thread 0x00000001d9659ec0]:Can't find HarmonyOS Sans SC font
2023-11-18 14:48:21.130216[Thread 0x00000001d9659ec0]:Use system font instead: .AppleSystemUIFont
2023-11-18 14:48:21.130233[Thread 0x00000001d9659ec0]:Can't find HarmonyOS Sans SC font
2023-11-18 14:48:21.130241[Thread 0x00000001d9659ec0]:Use system font instead: .AppleSystemUIFont
2023-11-18 14:48:21.130251[Thread 0x00000001d9659ec0]:Can't find HarmonyOS Sans SC font
2023-11-18 14:48:21.130259[Thread 0x00000001d9659ec0]:Use system font instead: .AppleSystemUIFont
2023-11-18 14:48:21.130315[Thread 0x00000001d9659ec0]:Can't find HarmonyOS Sans SC font
2023-11-18 14:48:21.130325[Thread 0x00000001d9659ec0]:Use system font instead: .AppleSystemUIFont
2023-11-18 14:48:21.130345[Thread 0x00000001d9659ec0]:Can't find HarmonyOS Sans SC font
2023-11-18 14:48:21.130354[Thread 0x00000001d9659ec0]:Use system font instead: .AppleSystemUIFont
2023-11-18 14:48:21.130398[Thread 0x00000001d9659ec0]:Can't find HarmonyOS Sans SC font
2023-11-18 14:48:21.130421[Thread 0x00000001d9659ec0]:Use system font instead: .AppleSystemUIFont
2023-11-18 14:48:21.130492[Thread 0x00000001d9659ec0]:Can't find HarmonyOS Sans SC font
2023-11-18 14:48:21.130503[Thread 0x00000001d9659ec0]:Use system font instead: .AppleSystemUIFont
2023-11-18 14:48:21.130514[Thread 0x00000001d9659ec0]:Can't find HarmonyOS Sans SC font
2023-11-18 14:48:21.130523[Thread 0x00000001d9659ec0]:Use system font instead: .AppleSystemUIFont
2023-11-18 14:48:21.130541[Thread 0x00000001d9659ec0]:Can't find HarmonyOS Sans SC font
2023-11-18 14:48:21.130550[Thread 0x00000001d9659ec0]:Use system font instead: .AppleSystemUIFont
2023-11-18 14:48:21.130560[Thread 0x00000001d9659ec0]:Can't find HarmonyOS Sans SC font
2023-11-18 14:48:21.130568[Thread 0x00000001d9659ec0]:Use system font instead: .AppleSystemUIFont
2023-11-18 14:48:21.130579[Thread 0x00000001d9659ec0]:Can't find HarmonyOS Sans SC font
2023-11-18 14:48:21.130587[Thread 0x00000001d9659ec0]:Use system font instead: .AppleSystemUIFont
2023-11-18 14:48:21.130604[Thread 0x00000001d9659ec0]:Can't find HarmonyOS Sans SC font
2023-11-18 14:48:21.130613[Thread 0x00000001d9659ec0]:Use system font instead: .AppleSystemUIFont
2023-11-18 14:48:21.130623[Thread 0x00000001d9659ec0]:Can't find HarmonyOS Sans SC font
2023-11-18 14:48:21.130631[Thread 0x00000001d9659ec0]:Use system font instead: .AppleSystemUIFont
2023-11-18 14:48:21.130684[Thread 0x00000001d9659ec0]:Can't find HarmonyOS Sans SC font
2023-11-18 14:48:21.130695[Thread 0x00000001d9659ec0]:Use system font instead: .AppleSystemUIFont
2023-11-18 14:48:21.130713[Thread 0x00000001d9659ec0]:Can't find HarmonyOS Sans SC font
2023-11-18 14:48:21.130723[Thread 0x00000001d9659ec0]:Use system font instead: .AppleSystemUIFont
2023-11-18 14:48:21.130738[Thread 0x00000001d9659ec0]:Can't find HarmonyOS Sans SC font
2023-11-18 14:48:21.130747[Thread 0x00000001d9659ec0]:Use system font instead: .AppleSystemUIFont
2023-11-18 14:48:21.130790[Thread 0x00000001d9659ec0]:Can't find HarmonyOS Sans SC font
2023-11-18 14:48:21.130800[Thread 0x00000001d9659ec0]:Use system font instead: .AppleSystemUIFont
2023-11-18 14:48:21.130869[Thread 0x00000001d9659ec0]:Can't find HarmonyOS Sans SC font
2023-11-18 14:48:21.130879[Thread 0x00000001d9659ec0]:Use system font instead: .AppleSystemUIFont
2023-11-18 14:48:21.130891[Thread 0x00000001d9659ec0]:Can't find HarmonyOS Sans SC font
2023-11-18 14:48:21.130899[Thread 0x00000001d9659ec0]:Use system font instead: .AppleSystemUIFont
2023-11-18 14:48:21.130916[Thread 0x00000001d9659ec0]:Can't find HarmonyOS Sans SC font
2023-11-18 14:48:21.130925[Thread 0x00000001d9659ec0]:Use system font instead: .AppleSystemUIFont
2023-11-18 14:48:21.130935[Thread 0x00000001d9659ec0]:Can't find HarmonyOS Sans SC font
2023-11-18 14:48:21.130943[Thread 0x00000001d9659ec0]:Use system font instead: .AppleSystemUIFont
2023-11-18 14:48:21.130953[Thread 0x00000001d9659ec0]:Can't find HarmonyOS Sans SC font
2023-11-18 14:48:21.130961[Thread 0x00000001d9659ec0]:Use system font instead: .AppleSystemUIFont
2023-11-18 14:48:21.130977[Thread 0x00000001d9659ec0]:Can't find HarmonyOS Sans SC font
2023-11-18 14:48:21.130986[Thread 0x00000001d9659ec0]:Use system font instead: .AppleSystemUIFont
2023-11-18 14:48:21.130996[Thread 0x00000001d9659ec0]:Can't find HarmonyOS Sans SC font
2023-11-18 14:48:21.131004[Thread 0x00000001d9659ec0]:Use system font instead: .AppleSystemUIFont
2023-11-18 14:48:21.131054[Thread 0x00000001d9659ec0]:Can't find HarmonyOS Sans SC font
2023-11-18 14:48:21.131064[Thread 0x00000001d9659ec0]:Use system font instead: .AppleSystemUIFont
2023-11-18 14:48:21.131080[Thread 0x00000001d9659ec0]:Can't find HarmonyOS Sans SC font
2023-11-18 14:48:21.131089[Thread 0x00000001d9659ec0]:Use system font instead: .AppleSystemUIFont
2023-11-18 14:48:21.131107[Thread 0x00000001d9659ec0]:Can't find HarmonyOS Sans SC font
2023-11-18 14:48:21.131116[Thread 0x00000001d9659ec0]:Use system font instead: .AppleSystemUIFont
2023-11-18 14:48:21.131130[Thread 0x00000001d9659ec0]:Can't find HarmonyOS Sans SC font
2023-11-18 14:48:21.131152[Thread 0x00000001d9659ec0]:Use system font instead: .AppleSystemUIFont
2023-11-18 14:48:21.131196[Thread 0x00000001d9659ec0]:Can't find HarmonyOS Sans SC font
2023-11-18 14:48:21.131205[Thread 0x00000001d9659ec0]:Use system font instead: .AppleSystemUIFont
2023-11-18 14:48:21.131278[Thread 0x00000001d9659ec0]:Can't find HarmonyOS Sans SC font
2023-11-18 14:48:21.131289[Thread 0x00000001d9659ec0]:Use system font instead: .AppleSystemUIFont
2023-11-18 14:48:21.131301[Thread 0x00000001d9659ec0]:Can't find HarmonyOS Sans SC font
2023-11-18 14:48:21.131310[Thread 0x00000001d9659ec0]:Use system font instead: .AppleSystemUIFont
2023-11-18 14:48:21.131328[Thread 0x00000001d9659ec0]:Can't find HarmonyOS Sans SC font
2023-11-18 14:48:21.131337[Thread 0x00000001d9659ec0]:Use system font instead: .AppleSystemUIFont
2023-11-18 14:48:21.131347[Thread 0x00000001d9659ec0]:Can't find HarmonyOS Sans SC font
2023-11-18 14:48:21.131355[Thread 0x00000001d9659ec0]:Use system font instead: .AppleSystemUIFont
2023-11-18 14:48:21.131366[Thread 0x00000001d9659ec0]:Can't find HarmonyOS Sans SC font
2023-11-18 14:48:21.131374[Thread 0x00000001d9659ec0]:Use system font instead: .AppleSystemUIFont
2023-11-18 14:48:21.131391[Thread 0x00000001d9659ec0]:Can't find HarmonyOS Sans SC font
2023-11-18 14:48:21.131400[Thread 0x00000001d9659ec0]:Use system font instead: .AppleSystemUIFont
2023-11-18 14:48:21.131410[Thread 0x00000001d9659ec0]:Can't find HarmonyOS Sans SC font
2023-11-18 14:48:21.131418[Thread 0x00000001d9659ec0]:Use system font instead: .AppleSystemUIFont
2023-11-18 14:48:21.131468[Thread 0x00000001d9659ec0]:Can't find HarmonyOS Sans SC font
2023-11-18 14:48:21.131478[Thread 0x00000001d9659ec0]:Use system font instead: .AppleSystemUIFont
2023-11-18 14:48:21.131496[Thread 0x00000001d9659ec0]:Can't find HarmonyOS Sans SC font
2023-11-18 14:48:21.131506[Thread 0x00000001d9659ec0]:Use system font instead: .AppleSystemUIFont
2023-11-18 14:48:21.131521[Thread 0x00000001d9659ec0]:Can't find HarmonyOS Sans SC font
2023-11-18 14:48:21.131529[Thread 0x00000001d9659ec0]:Use system font instead: .AppleSystemUIFont
2023-11-18 14:48:21.131543[Thread 0x00000001d9659ec0]:Can't find HarmonyOS Sans SC font
2023-11-18 14:48:21.131552[Thread 0x00000001d9659ec0]:Use system font instead: .AppleSystemUIFont
2023-11-18 14:48:21.131566[Thread 0x00000001d9659ec0]:Can't find HarmonyOS Sans SC font
2023-11-18 14:48:21.131575[Thread 0x00000001d9659ec0]:Use system font instead: .AppleSystemUIFont
2023-11-18 14:48:21.131615[Thread 0x00000001d9659ec0]:Can't find HarmonyOS Sans SC font
2023-11-18 14:48:21.131625[Thread 0x00000001d9659ec0]:Use system font instead: .AppleSystemUIFont
2023-11-18 14:48:21.131693[Thread 0x00000001d9659ec0]:Can't find HarmonyOS Sans SC font
2023-11-18 14:48:21.131703[Thread 0x00000001d9659ec0]:Use system font instead: .AppleSystemUIFont
2023-11-18 14:48:21.131714[Thread 0x00000001d9659ec0]:Can't find HarmonyOS Sans SC font
2023-11-18 14:48:21.131723[Thread 0x00000001d9659ec0]:Use system font instead: .AppleSystemUIFont
2023-11-18 14:48:21.131740[Thread 0x00000001d9659ec0]:Can't find HarmonyOS Sans SC font
2023-11-18 14:48:21.131748[Thread 0x00000001d9659ec0]:Use system font instead: .AppleSystemUIFont
2023-11-18 14:48:21.131758[Thread 0x00000001d9659ec0]:Can't find HarmonyOS Sans SC font
2023-11-18 14:48:21.131766[Thread 0x00000001d9659ec0]:Use system font instead: .AppleSystemUIFont
2023-11-18 14:48:21.131776[Thread 0x00000001d9659ec0]:Can't find HarmonyOS Sans SC font
2023-11-18 14:48:21.131784[Thread 0x00000001d9659ec0]:Use system font instead: .AppleSystemUIFont
2023-11-18 14:48:21.131800[Thread 0x00000001d9659ec0]:Can't find HarmonyOS Sans SC font
2023-11-18 14:48:21.131809[Thread 0x00000001d9659ec0]:Use system font instead: .AppleSystemUIFont
2023-11-18 14:48:21.131818[Thread 0x00000001d9659ec0]:Can't find HarmonyOS Sans SC font
2023-11-18 14:48:21.131826[Thread 0x00000001d9659ec0]:Use system font instead: .AppleSystemUIFont
2023-11-18 14:48:21.131875[Thread 0x00000001d9659ec0]:Can't find HarmonyOS Sans SC font
2023-11-18 14:48:21.131895[Thread 0x00000001d9659ec0]:Use system font instead: .AppleSystemUIFont
2023-11-18 14:48:21.131913[Thread 0x00000001d9659ec0]:Can't find HarmonyOS Sans SC font
2023-11-18 14:48:21.131922[Thread 0x00000001d9659ec0]:Use system font instead: .AppleSystemUIFont
2023-11-18 14:48:21.131937[Thread 0x00000001d9659ec0]:Can't find HarmonyOS Sans SC font
2023-11-18 14:48:21.131945[Thread 0x00000001d9659ec0]:Use system font instead: .AppleSystemUIFont
2023-11-18 14:48:21.131959[Thread 0x00000001d9659ec0]:Can't find HarmonyOS Sans SC font
2023-11-18 14:48:21.131968[Thread 0x00000001d9659ec0]:Use system font instead: .AppleSystemUIFont
2023-11-18 14:48:21.131982[Thread 0x00000001d9659ec0]:Can't find HarmonyOS Sans SC font
2023-11-18 14:48:21.131990[Thread 0x00000001d9659ec0]:Use system font instead: .AppleSystemUIFont
2023-11-18 14:48:21.132004[Thread 0x00000001d9659ec0]:Can't find HarmonyOS Sans SC font
2023-11-18 14:48:21.132013[Thread 0x00000001d9659ec0]:Use system font instead: .AppleSystemUIFont
2023-11-18 14:48:21.132053[Thread 0x00000001d9659ec0]:Can't find HarmonyOS Sans SC font
2023-11-18 14:48:21.132063[Thread 0x00000001d9659ec0]:Use system font instead: .AppleSystemUIFont
2023-11-18 14:48:21.140751[Thread 0x00000001d9659ec0]:CreateWebView: file:/Applications/OrcaSlicer.app/Contents/Resources/web/homepage/index.html?lang=en_US
2023-11-18 14:48:21.206193[Thread 0x00000001d9659ec0]:Can't find HarmonyOS Sans SC font
2023-11-18 14:48:21.206219[Thread 0x00000001d9659ec0]:Use system font instead: .AppleSystemUIFont
2023-11-18 14:48:21.208921[Thread 0x00000001d9659ec0]:Can't find HarmonyOS Sans SC font
2023-11-18 14:48:21.208935[Thread 0x00000001d9659ec0]:Use system font instead: .AppleSystemUIFont
2023-11-18 14:48:21.208951[Thread 0x00000001d9659ec0]:Can't find HarmonyOS Sans SC font
2023-11-18 14:48:21.208962[Thread 0x00000001d9659ec0]:Use system font instead: .AppleSystemUIFont
2023-11-18 14:48:21.209002[Thread 0x00000001d9659ec0]:Can't find HarmonyOS Sans SC font
2023-11-18 14:48:21.209012[Thread 0x00000001d9659ec0]:Use system font instead: .AppleSystemUIFont
2023-11-18 14:48:21.209024[Thread 0x00000001d9659ec0]:Can't find HarmonyOS Sans SC font
2023-11-18 14:48:21.209033[Thread 0x00000001d9659ec0]:Use system font instead: .AppleSystemUIFont
2023-11-18 14:48:21.209046[Thread 0x00000001d9659ec0]:Can't find HarmonyOS Sans SC font
2023-11-18 14:48:21.209055[Thread 0x00000001d9659ec0]:Use system font instead: .AppleSystemUIFont
2023-11-18 14:48:21.209079[Thread 0x00000001d9659ec0]:Can't find HarmonyOS Sans SC font
2023-11-18 14:48:21.209088[Thread 0x00000001d9659ec0]:Use system font instead: .AppleSystemUIFont
2023-11-18 14:48:21.209099[Thread 0x00000001d9659ec0]:Can't find HarmonyOS Sans SC font
2023-11-18 14:48:21.209108[Thread 0x00000001d9659ec0]:Use system font instead: .AppleSystemUIFont
2023-11-18 14:48:21.209213[Thread 0x00000001d9659ec0]:Can't find HarmonyOS Sans SC font
2023-11-18 14:48:21.209224[Thread 0x00000001d9659ec0]:Use system font instead: .AppleSystemUIFont
2023-11-18 14:48:21.209325[Thread 0x00000001d9659ec0]:Can't find HarmonyOS Sans SC font
2023-11-18 14:48:21.209337[Thread 0x00000001d9659ec0]:Use system font instead: .AppleSystemUIFont
2023-11-18 14:48:21.209349[Thread 0x00000001d9659ec0]:Can't find HarmonyOS Sans SC font
2023-11-18 14:48:21.209357[Thread 0x00000001d9659ec0]:Use system font instead: .AppleSystemUIFont
2023-11-18 14:48:21.209377[Thread 0x00000001d9659ec0]:Can't find HarmonyOS Sans SC font
2023-11-18 14:48:21.209386[Thread 0x00000001d9659ec0]:Use system font instead: .AppleSystemUIFont
2023-11-18 14:48:21.209396[Thread 0x00000001d9659ec0]:Can't find HarmonyOS Sans SC font
2023-11-18 14:48:21.209405[Thread 0x00000001d9659ec0]:Use system font instead: .AppleSystemUIFont
2023-11-18 14:48:21.209416[Thread 0x00000001d9659ec0]:Can't find HarmonyOS Sans SC font
2023-11-18 14:48:21.209424[Thread 0x00000001d9659ec0]:Use system font instead: .AppleSystemUIFont
2023-11-18 14:48:21.209442[Thread 0x00000001d9659ec0]:Can't find HarmonyOS Sans SC font
2023-11-18 14:48:21.209451[Thread 0x00000001d9659ec0]:Use system font instead: .AppleSystemUIFont
2023-11-18 14:48:21.209499[Thread 0x00000001d9659ec0]:Can't find HarmonyOS Sans SC font
2023-11-18 14:48:21.209509[Thread 0x00000001d9659ec0]:Use system font instead: .AppleSystemUIFont
2023-11-18 14:48:21.209572[Thread 0x00000001d9659ec0]:Can't find HarmonyOS Sans SC font
2023-11-18 14:48:21.209582[Thread 0x00000001d9659ec0]:Use system font instead: .AppleSystemUIFont
2023-11-18 14:48:21.209639[Thread 0x00000001d9659ec0]:Can't find HarmonyOS Sans SC font
2023-11-18 14:48:21.209649[Thread 0x00000001d9659ec0]:Use system font instead: .AppleSystemUIFont
2023-11-18 14:48:21.209757[Thread 0x00000001d9659ec0]:Can't find HarmonyOS Sans SC font
2023-11-18 14:48:21.209768[Thread 0x00000001d9659ec0]:Use system font instead: .AppleSystemUIFont
2023-11-18 14:48:21.209780[Thread 0x00000001d9659ec0]:Can't find HarmonyOS Sans SC font
2023-11-18 14:48:21.209789[Thread 0x00000001d9659ec0]:Use system font instead: .AppleSystemUIFont
2023-11-18 14:48:21.209807[Thread 0x00000001d9659ec0]:Can't find HarmonyOS Sans SC font
2023-11-18 14:48:21.209816[Thread 0x00000001d9659ec0]:Use system font instead: .AppleSystemUIFont
2023-11-18 14:48:21.209827[Thread 0x00000001d9659ec0]:Can't find HarmonyOS Sans SC font
2023-11-18 14:48:21.209836[Thread 0x00000001d9659ec0]:Use system font instead: .AppleSystemUIFont
2023-11-18 14:48:21.209847[Thread 0x00000001d9659ec0]:Can't find HarmonyOS Sans SC font
2023-11-18 14:48:21.209856[Thread 0x00000001d9659ec0]:Use system font instead: .AppleSystemUIFont
2023-11-18 14:48:21.209873[Thread 0x00000001d9659ec0]:Can't find HarmonyOS Sans SC font
2023-11-18 14:48:21.209881[Thread 0x00000001d9659ec0]:Use system font instead: .AppleSystemUIFont
2023-11-18 14:48:21.209892[Thread 0x00000001d9659ec0]:Can't find HarmonyOS Sans SC font
2023-11-18 14:48:21.209900[Thread 0x00000001d9659ec0]:Use system font instead: .AppleSystemUIFont
2023-11-18 14:48:21.209958[Thread 0x00000001d9659ec0]:Can't find HarmonyOS Sans SC font
2023-11-18 14:48:21.209969[Thread 0x00000001d9659ec0]:Use system font instead: .AppleSystemUIFont
2023-11-18 14:48:21.209989[Thread 0x00000001d9659ec0]:Can't find HarmonyOS Sans SC font
2023-11-18 14:48:21.209999[Thread 0x00000001d9659ec0]:Use system font instead: .AppleSystemUIFont
2023-11-18 14:48:21.210015[Thread 0x00000001d9659ec0]:Can't find HarmonyOS Sans SC font
2023-11-18 14:48:21.210024[Thread 0x00000001d9659ec0]:Use system font instead: .AppleSystemUIFont
2023-11-18 14:48:21.210071[Thread 0x00000001d9659ec0]:Can't find HarmonyOS Sans SC font
2023-11-18 14:48:21.210081[Thread 0x00000001d9659ec0]:Use system font instead: .AppleSystemUIFont
2023-11-18 14:48:21.210092[Thread 0x00000001d9659ec0]:Can't find HarmonyOS Sans SC font
2023-11-18 14:48:21.210101[Thread 0x00000001d9659ec0]:Use system font instead: .AppleSystemUIFont
2023-11-18 14:48:21.210119[Thread 0x00000001d9659ec0]:Can't find HarmonyOS Sans SC font
2023-11-18 14:48:21.210128[Thread 0x00000001d9659ec0]:Use system font instead: .AppleSystemUIFont
2023-11-18 14:48:21.210139[Thread 0x00000001d9659ec0]:Can't find HarmonyOS Sans SC font
2023-11-18 14:48:21.210147[Thread 0x00000001d9659ec0]:Use system font instead: .AppleSystemUIFont
2023-11-18 14:48:21.210158[Thread 0x00000001d9659ec0]:Can't find HarmonyOS Sans SC font
2023-11-18 14:48:21.210166[Thread 0x00000001d9659ec0]:Use system font instead: .AppleSystemUIFont
2023-11-18 14:48:21.210183[Thread 0x00000001d9659ec0]:Can't find HarmonyOS Sans SC font
2023-11-18 14:48:21.210192[Thread 0x00000001d9659ec0]:Use system font instead: .AppleSystemUIFont
2023-11-18 14:48:21.210202[Thread 0x00000001d9659ec0]:Can't find HarmonyOS Sans SC font
2023-11-18 14:48:21.210210[Thread 0x00000001d9659ec0]:Use system font instead: .AppleSystemUIFont
2023-11-18 14:48:21.210271[Thread 0x00000001d9659ec0]:Can't find HarmonyOS Sans SC font
2023-11-18 14:48:21.210281[Thread 0x00000001d9659ec0]:Use system font instead: .AppleSystemUIFont
2023-11-18 14:48:21.210300[Thread 0x00000001d9659ec0]:Can't find HarmonyOS Sans SC font
2023-11-18 14:48:21.210309[Thread 0x00000001d9659ec0]:Use system font instead: .AppleSystemUIFont
2023-11-18 14:48:21.210343[Thread 0x00000001d9659ec0]:Can't find HarmonyOS Sans SC font
2023-11-18 14:48:21.210352[Thread 0x00000001d9659ec0]:Use system font instead: .AppleSystemUIFont
2023-11-18 14:48:21.210367[Thread 0x00000001d9659ec0]:Can't find HarmonyOS Sans SC font
2023-11-18 14:48:21.210376[Thread 0x00000001d9659ec0]:Use system font instead: .AppleSystemUIFont
2023-11-18 14:48:21.210404[Thread 0x00000001d9659ec0]:Can't find HarmonyOS Sans SC font
2023-11-18 14:48:21.210414[Thread 0x00000001d9659ec0]:Use system font instead: .AppleSystemUIFont
2023-11-18 14:48:21.210425[Thread 0x00000001d9659ec0]:Can't find HarmonyOS Sans SC font
2023-11-18 14:48:21.210433[Thread 0x00000001d9659ec0]:Use system font instead: .AppleSystemUIFont
2023-11-18 14:48:21.210451[Thread 0x00000001d9659ec0]:Can't find HarmonyOS Sans SC font
2023-11-18 14:48:21.210460[Thread 0x00000001d9659ec0]:Use system font instead: .AppleSystemUIFont
2023-11-18 14:48:21.210472[Thread 0x00000001d9659ec0]:Can't find HarmonyOS Sans SC font
2023-11-18 14:48:21.210483[Thread 0x00000001d9659ec0]:Use system font instead: .AppleSystemUIFont
2023-11-18 14:48:21.210496[Thread 0x00000001d9659ec0]:Can't find HarmonyOS Sans SC font
2023-11-18 14:48:21.210507[Thread 0x00000001d9659ec0]:Use system font instead: .AppleSystemUIFont
2023-11-18 14:48:21.210523[Thread 0x00000001d9659ec0]:Can't find HarmonyOS Sans SC font
2023-11-18 14:48:21.210531[Thread 0x00000001d9659ec0]:Use system font instead: .AppleSystemUIFont
2023-11-18 14:48:21.210541[Thread 0x00000001d9659ec0]:Can't find HarmonyOS Sans SC font
2023-11-18 14:48:21.210549[Thread 0x00000001d9659ec0]:Use system font instead: .AppleSystemUIFont
2023-11-18 14:48:21.210606[Thread 0x00000001d9659ec0]:Can't find HarmonyOS Sans SC font
2023-11-18 14:48:21.210616[Thread 0x00000001d9659ec0]:Use system font instead: .AppleSystemUIFont
2023-11-18 14:48:21.210632[Thread 0x00000001d9659ec0]:Can't find HarmonyOS Sans SC font
2023-11-18 14:48:21.210642[Thread 0x00000001d9659ec0]:Use system font instead: .AppleSystemUIFont
2023-11-18 14:48:21.210656[Thread 0x00000001d9659ec0]:Can't find HarmonyOS Sans SC font
2023-11-18 14:48:21.210665[Thread 0x00000001d9659ec0]:Use system font instead: .AppleSystemUIFont
2023-11-18 14:48:21.210680[Thread 0x00000001d9659ec0]:Can't find HarmonyOS Sans SC font
2023-11-18 14:48:21.210689[Thread 0x00000001d9659ec0]:Use system font instead: .AppleSystemUIFont
2023-11-18 14:48:21.210703[Thread 0x00000001d9659ec0]:Can't find HarmonyOS Sans SC font
2023-11-18 14:48:21.210712[Thread 0x00000001d9659ec0]:Use system font instead: .AppleSystemUIFont
2023-11-18 14:48:21.210738[Thread 0x00000001d9659ec0]:Can't find HarmonyOS Sans SC font
2023-11-18 14:48:21.210747[Thread 0x00000001d9659ec0]:Use system font instead: .AppleSystemUIFont
2023-11-18 14:48:21.210758[Thread 0x00000001d9659ec0]:Can't find HarmonyOS Sans SC font
2023-11-18 14:48:21.210766[Thread 0x00000001d9659ec0]:Use system font instead: .AppleSystemUIFont
2023-11-18 14:48:21.210782[Thread 0x00000001d9659ec0]:Can't find HarmonyOS Sans SC font
2023-11-18 14:48:21.210790[Thread 0x00000001d9659ec0]:Use system font instead: .AppleSystemUIFont
2023-11-18 14:48:21.210805[Thread 0x00000001d9659ec0]:Can't find HarmonyOS Sans SC font
2023-11-18 14:48:21.210814[Thread 0x00000001d9659ec0]:Use system font instead: .AppleSystemUIFont
2023-11-18 14:48:21.210833[Thread 0x00000001d9659ec0]:Can't find HarmonyOS Sans SC font
2023-11-18 14:48:21.210841[Thread 0x00000001d9659ec0]:Use system font instead: .AppleSystemUIFont
2023-11-18 14:48:21.210866[Thread 0x00000001d9659ec0]:Can't find HarmonyOS Sans SC font
2023-11-18 14:48:21.210875[Thread 0x00000001d9659ec0]:Use system font instead: .AppleSystemUIFont
2023-11-18 14:48:21.210889[Thread 0x00000001d9659ec0]:Can't find HarmonyOS Sans SC font
2023-11-18 14:48:21.210898[Thread 0x00000001d9659ec0]:Use system font instead: .AppleSystemUIFont
2023-11-18 14:48:21.210956[Thread 0x00000001d9659ec0]:Can't find HarmonyOS Sans SC font
2023-11-18 14:48:21.210968[Thread 0x00000001d9659ec0]:Use system font instead: .AppleSystemUIFont
2023-11-18 14:48:21.211015[Thread 0x00000001d9659ec0]:Can't find HarmonyOS Sans SC font
2023-11-18 14:48:21.211025[Thread 0x00000001d9659ec0]:Use system font instead: .AppleSystemUIFont
2023-11-18 14:48:21.211044[Thread 0x00000001d9659ec0]:Can't find HarmonyOS Sans SC font
2023-11-18 14:48:21.211054[Thread 0x00000001d9659ec0]:Use system font instead: .AppleSystemUIFont
2023-11-18 14:48:21.211072[Thread 0x00000001d9659ec0]:Can't find HarmonyOS Sans SC font
2023-11-18 14:48:21.211082[Thread 0x00000001d9659ec0]:Use system font instead: .AppleSystemUIFont
2023-11-18 14:48:21.211106[Thread 0x00000001d9659ec0]:Can't find HarmonyOS Sans SC font
2023-11-18 14:48:21.211115[Thread 0x00000001d9659ec0]:Use system font instead: .AppleSystemUIFont
2023-11-18 14:48:21.211130[Thread 0x00000001d9659ec0]:Can't find HarmonyOS Sans SC font
2023-11-18 14:48:21.211138[Thread 0x00000001d9659ec0]:Use system font instead: .AppleSystemUIFont
2023-11-18 14:48:21.211165[Thread 0x00000001d9659ec0]:Can't find HarmonyOS Sans SC font
2023-11-18 14:48:21.211174[Thread 0x00000001d9659ec0]:Use system font instead: .AppleSystemUIFont
2023-11-18 14:48:21.211184[Thread 0x00000001d9659ec0]:Can't find HarmonyOS Sans SC font
2023-11-18 14:48:21.211192[Thread 0x00000001d9659ec0]:Use system font instead: .AppleSystemUIFont
2023-11-18 14:48:21.211208[Thread 0x00000001d9659ec0]:Can't find HarmonyOS Sans SC font
2023-11-18 14:48:21.211217[Thread 0x00000001d9659ec0]:Use system font instead: .AppleSystemUIFont
2023-11-18 14:48:21.211226[Thread 0x00000001d9659ec0]:Can't find HarmonyOS Sans SC font
2023-11-18 14:48:21.211234[Thread 0x00000001d9659ec0]:Use system font instead: .AppleSystemUIFont
2023-11-18 14:48:21.211245[Thread 0x00000001d9659ec0]:Can't find HarmonyOS Sans SC font
2023-11-18 14:48:21.211253[Thread 0x00000001d9659ec0]:Use system font instead: .AppleSystemUIFont
2023-11-18 14:48:21.211269[Thread 0x00000001d9659ec0]:Can't find HarmonyOS Sans SC font
2023-11-18 14:48:21.211277[Thread 0x00000001d9659ec0]:Use system font instead: .AppleSystemUIFont
2023-11-18 14:48:21.211286[Thread 0x00000001d9659ec0]:Can't find HarmonyOS Sans SC font
2023-11-18 14:48:21.211294[Thread 0x00000001d9659ec0]:Use system font instead: .AppleSystemUIFont
2023-11-18 14:48:21.211348[Thread 0x00000001d9659ec0]:Can't find HarmonyOS Sans SC font
2023-11-18 14:48:21.211357[Thread 0x00000001d9659ec0]:Use system font instead: .AppleSystemUIFont
2023-11-18 14:48:21.211372[Thread 0x00000001d9659ec0]:Can't find HarmonyOS Sans SC font
2023-11-18 14:48:21.211381[Thread 0x00000001d9659ec0]:Use system font instead: .AppleSystemUIFont
2023-11-18 14:48:21.211396[Thread 0x00000001d9659ec0]:Can't find HarmonyOS Sans SC font
2023-11-18 14:48:21.211404[Thread 0x00000001d9659ec0]:Use system font instead: .AppleSystemUIFont
2023-11-18 14:48:21.211418[Thread 0x00000001d9659ec0]:Can't find HarmonyOS Sans SC font
2023-11-18 14:48:21.211427[Thread 0x00000001d9659ec0]:Use system font instead: .AppleSystemUIFont
2023-11-18 14:48:21.211440[Thread 0x00000001d9659ec0]:Can't find HarmonyOS Sans SC font
