2023-11-28 11:58:03.416347[Thread 0x00000001e2b3dec0]:gui mode, Current OrcaSlicer Version 1.8.0
2023-11-28 11:58:03.420673[Thread 0x00000001e2b3dec0]:load_language: language , initial: 1
2023-11-28 11:58:03.420703[Thread 0x00000001e2b3dec0]:language provided by OrcaSlicer.conf: en_GB
2023-11-28 11:58:03.442355[Thread 0x00000001e2b3dec0]:Update_dark_mode_flag: switch the current dark mode status to 1 
2023-11-28 11:58:03.443298[Thread 0x00000001e2b3dec0]:begin to show the splash screen...
2023-11-28 11:58:03.455376[Thread 0x00000001e2b3dec0]:loading systen presets...
2023-11-28 11:58:03.456313[Thread 0x00000001e2b3dec0]:[BBL Updater]:Checking whether the profile from resource is newer
2023-11-28 11:58:03.457129[Thread 0x00000001e2b3dec0]:Installing 2 bundles from resources ...
2023-11-28 11:58:03.467972[Thread 0x00000001e2b3dec0]:[BBL Updater]:Performing 8 updates
2023-11-28 11:58:03.467989[Thread 0x00000001e2b3dec0]:	Update(/Applications/OrcaSlicer.app/Contents/Resources/profiles/Custom.json -> /Users/pato/Library/Application Support/OrcaSlicer/system/Custom.json)
2023-11-28 11:58:03.468288[Thread 0x00000001e2b3dec0]:	Update(/Applications/OrcaSlicer.app/Contents/Resources/profiles/Custom/process -> /Users/pato/Library/Application Support/OrcaSlicer/system/Custom/process)
2023-11-28 11:58:03.468293[Thread 0x00000001e2b3dec0]:copy_directory_recursively "/Applications/OrcaSlicer.app/Contents/Resources/profiles/Custom/process" -> "/Users/pato/Library/Application Support/OrcaSlicer/system/Custom/process"
2023-11-28 11:58:03.472516[Thread 0x00000001e2b3dec0]:	Update(/Applications/OrcaSlicer.app/Contents/Resources/profiles/Custom/filament -> /Users/pato/Library/Application Support/OrcaSlicer/system/Custom/filament)
2023-11-28 11:58:03.472521[Thread 0x00000001e2b3dec0]:copy_directory_recursively "/Applications/OrcaSlicer.app/Contents/Resources/profiles/Custom/filament" -> "/Users/pato/Library/Application Support/OrcaSlicer/system/Custom/filament"
2023-11-28 11:58:03.476730[Thread 0x00000001e2b3dec0]:	Update(/Applications/OrcaSlicer.app/Contents/Resources/profiles/Custom/machine -> /Users/pato/Library/Application Support/OrcaSlicer/system/Custom/machine)
2023-11-28 11:58:03.476736[Thread 0x00000001e2b3dec0]:copy_directory_recursively "/Applications/OrcaSlicer.app/Contents/Resources/profiles/Custom/machine" -> "/Users/pato/Library/Application Support/OrcaSlicer/system/Custom/machine"
2023-11-28 11:58:03.478566[Thread 0x00000001e2b3dec0]:	Update(/Applications/OrcaSlicer.app/Contents/Resources/profiles/Creality.json -> /Users/pato/Library/Application Support/OrcaSlicer/system/Creality.json)
2023-11-28 11:58:03.478914[Thread 0x00000001e2b3dec0]:	Update(/Applications/OrcaSlicer.app/Contents/Resources/profiles/Creality/process -> /Users/pato/Library/Application Support/OrcaSlicer/system/Creality/process)
2023-11-28 11:58:03.478917[Thread 0x00000001e2b3dec0]:copy_directory_recursively "/Applications/OrcaSlicer.app/Contents/Resources/profiles/Creality/process" -> "/Users/pato/Library/Application Support/OrcaSlicer/system/Creality/process"
2023-11-28 11:58:03.493442[Thread 0x00000001e2b3dec0]:	Update(/Applications/OrcaSlicer.app/Contents/Resources/profiles/Creality/filament -> /Users/pato/Library/Application Support/OrcaSlicer/system/Creality/filament)
2023-11-28 11:58:03.493450[Thread 0x00000001e2b3dec0]:copy_directory_recursively "/Applications/OrcaSlicer.app/Contents/Resources/profiles/Creality/filament" -> "/Users/pato/Library/Application Support/OrcaSlicer/system/Creality/filament"
2023-11-28 11:58:03.495659[Thread 0x00000001e2b3dec0]:	Update(/Applications/OrcaSlicer.app/Contents/Resources/profiles/Creality/machine -> /Users/pato/Library/Application Support/OrcaSlicer/system/Creality/machine)
2023-11-28 11:58:03.495662[Thread 0x00000001e2b3dec0]:copy_directory_recursively "/Applications/OrcaSlicer.app/Contents/Resources/profiles/Creality/machine" -> "/Users/pato/Library/Application Support/OrcaSlicer/system/Creality/machine"
2023-11-28 11:58:03.506932[Thread 0x00000001e2b3dec0]:initialize_network_module, successfully loaded library /Users/pato/Library/Application Support/OrcaSlicer/plugins/libbambu_networking.dylib, module 0x84698310
2023-11-28 11:58:03.507014[Thread 0x00000001e2b3dec0]:get_network_function, can not find function bambu_network_get_profile_3mf
2023-11-28 11:58:03.507035[Thread 0x00000001e2b3dec0]:on_init_network: on_init_network, load dll ok
2023-11-28 11:58:03.507037[Thread 0x00000001e2b3dec0]:get_network_agent_version=01.07.07.07
2023-11-28 11:58:03.507038[Thread 0x00000001e2b3dec0]:on_init_network: on_init_network, compatibility version
2023-11-28 11:58:03.508910[Thread 0x00000001e2b3dec0]:on_init_network, create network agent...
2023-11-28 11:58:03.509003[Thread 0x00000001e2b3dec0]:NetworkAgent, this 0x6000010705b0, network_agent=0x6000010705e0, create_agent_ptr=1
2023-11-28 11:58:03.509185[Thread 0x00000001e2b3dec0]:init_networking_callbacks: enter, m_agent=0x6000010705b0
2023-11-28 11:58:03.509216[Thread 0x00000001e2b3dec0]:init_networking_callbacks: exit, m_agent=0x6000010705b0
2023-11-28 11:58:03.509529[Thread 0x00000001e2b3dec0]:load_presets enter, substitution_rule 3, preferred printer_model_id 
2023-11-28 11:58:03.509768[Thread 0x00000001e2b3dec0]:load_vendor_configs_from_json: parse /Users/pato/Library/Application Support/OrcaSlicer/system/Custom.json, got description:  "My configurations"
2023-11-28 11:58:03.514838[Thread 0x00000001e2b3dec0]:load_vendor_configs_from_json: parse /Users/pato/Library/Application Support/OrcaSlicer/system/Creality.json, got description:  "Creality configurations"
2023-11-28 11:58:03.537385[Thread 0x00000001e2b3dec0]:update_compatibility for all presets enter
2023-11-28 11:58:03.537403[Thread 0x00000001e2b3dec0]:update_compatibility for all presets exit
2023-11-28 11:58:03.537416[Thread 0x00000001e2b3dec0]:update_compatibility for all presets enter
2023-11-28 11:58:03.537420[Thread 0x00000001e2b3dec0]:update_compatibility for all presets exit
2023-11-28 11:58:03.537629[Thread 0x00000001e2b3dec0]:update_compatibility for all presets enter
2023-11-28 11:58:03.537655[Thread 0x00000001e2b3dec0]:update_compatibility for all presets exit
2023-11-28 11:58:03.537657[Thread 0x00000001e2b3dec0]:load_presets finished, returned substitutions 0
2023-11-28 11:58:03.537665[Thread 0x00000001e2b3dec0]:start_sync_service...
2023-11-28 11:58:03.537689[Thread 0x00000001e2b3dec0]:create the main window
2023-11-28 11:58:03.579373[Thread 0x00000001e2b3dec0]:Can't find HarmonyOS Sans SC font
2023-11-28 11:58:03.579405[Thread 0x00000001e2b3dec0]:Use system font instead: .AppleSystemUIFont
2023-11-28 11:58:03.579437[Thread 0x00000001e2b3dec0]:Can't find HarmonyOS Sans SC font
2023-11-28 11:58:03.579448[Thread 0x00000001e2b3dec0]:Use system font instead: .AppleSystemUIFont
2023-11-28 11:58:03.579515[Thread 0x00000001e2b3dec0]:Can't find HarmonyOS Sans SC font
2023-11-28 11:58:03.579526[Thread 0x00000001e2b3dec0]:Use system font instead: .AppleSystemUIFont
2023-11-28 11:58:03.579538[Thread 0x00000001e2b3dec0]:Can't find HarmonyOS Sans SC font
2023-11-28 11:58:03.579547[Thread 0x00000001e2b3dec0]:Use system font instead: .AppleSystemUIFont
2023-11-28 11:58:03.579560[Thread 0x00000001e2b3dec0]:Can't find HarmonyOS Sans SC font
2023-11-28 11:58:03.579569[Thread 0x00000001e2b3dec0]:Use system font instead: .AppleSystemUIFont
2023-11-28 11:58:03.579599[Thread 0x00000001e2b3dec0]:Can't find HarmonyOS Sans SC font
2023-11-28 11:58:03.579608[Thread 0x00000001e2b3dec0]:Use system font instead: .AppleSystemUIFont
2023-11-28 11:58:03.579619[Thread 0x00000001e2b3dec0]:Can't find HarmonyOS Sans SC font
2023-11-28 11:58:03.579628[Thread 0x00000001e2b3dec0]:Use system font instead: .AppleSystemUIFont
2023-11-28 11:58:03.579736[Thread 0x00000001e2b3dec0]:Can't find HarmonyOS Sans SC font
2023-11-28 11:58:03.579746[Thread 0x00000001e2b3dec0]:Use system font instead: .AppleSystemUIFont
2023-11-28 11:58:03.579797[Thread 0x00000001e2b3dec0]:Can't find HarmonyOS Sans SC font
2023-11-28 11:58:03.579808[Thread 0x00000001e2b3dec0]:Use system font instead: .AppleSystemUIFont
2023-11-28 11:58:03.579819[Thread 0x00000001e2b3dec0]:Can't find HarmonyOS Sans SC font
2023-11-28 11:58:03.579864[Thread 0x00000001e2b3dec0]:Use system font instead: .AppleSystemUIFont
2023-11-28 11:58:03.579885[Thread 0x00000001e2b3dec0]:Can't find HarmonyOS Sans SC font
2023-11-28 11:58:03.579894[Thread 0x00000001e2b3dec0]:Use system font instead: .AppleSystemUIFont
2023-11-28 11:58:03.579904[Thread 0x00000001e2b3dec0]:Can't find HarmonyOS Sans SC font
2023-11-28 11:58:03.579912[Thread 0x00000001e2b3dec0]:Use system font instead: .AppleSystemUIFont
2023-11-28 11:58:03.579924[Thread 0x00000001e2b3dec0]:Can't find HarmonyOS Sans SC font
2023-11-28 11:58:03.579932[Thread 0x00000001e2b3dec0]:Use system font instead: .AppleSystemUIFont
2023-11-28 11:58:03.579950[Thread 0x00000001e2b3dec0]:Can't find HarmonyOS Sans SC font
2023-11-28 11:58:03.579958[Thread 0x00000001e2b3dec0]:Use system font instead: .AppleSystemUIFont
2023-11-28 11:58:03.579968[Thread 0x00000001e2b3dec0]:Can't find HarmonyOS Sans SC font
2023-11-28 11:58:03.579976[Thread 0x00000001e2b3dec0]:Use system font instead: .AppleSystemUIFont
2023-11-28 11:58:03.580074[Thread 0x00000001e2b3dec0]:Can't find HarmonyOS Sans SC font
2023-11-28 11:58:03.580084[Thread 0x00000001e2b3dec0]:Use system font instead: .AppleSystemUIFont
2023-11-28 11:58:03.580140[Thread 0x00000001e2b3dec0]:Can't find HarmonyOS Sans SC font
2023-11-28 11:58:03.580150[Thread 0x00000001e2b3dec0]:Use system font instead: .AppleSystemUIFont
2023-11-28 11:58:03.580256[Thread 0x00000001e2b3dec0]:Can't find HarmonyOS Sans SC font
2023-11-28 11:58:03.580267[Thread 0x00000001e2b3dec0]:Use system font instead: .AppleSystemUIFont
2023-11-28 11:58:03.580278[Thread 0x00000001e2b3dec0]:Can't find HarmonyOS Sans SC font
2023-11-28 11:58:03.580286[Thread 0x00000001e2b3dec0]:Use system font instead: .AppleSystemUIFont
2023-11-28 11:58:03.580304[Thread 0x00000001e2b3dec0]:Can't find HarmonyOS Sans SC font
2023-11-28 11:58:03.580312[Thread 0x00000001e2b3dec0]:Use system font instead: .AppleSystemUIFont
2023-11-28 11:58:03.580322[Thread 0x00000001e2b3dec0]:Can't find HarmonyOS Sans SC font
2023-11-28 11:58:03.580330[Thread 0x00000001e2b3dec0]:Use system font instead: .AppleSystemUIFont
2023-11-28 11:58:03.580341[Thread 0x00000001e2b3dec0]:Can't find HarmonyOS Sans SC font
2023-11-28 11:58:03.580349[Thread 0x00000001e2b3dec0]:Use system font instead: .AppleSystemUIFont
2023-11-28 11:58:03.580366[Thread 0x00000001e2b3dec0]:Can't find HarmonyOS Sans SC font
2023-11-28 11:58:03.580374[Thread 0x00000001e2b3dec0]:Use system font instead: .AppleSystemUIFont
2023-11-28 11:58:03.580384[Thread 0x00000001e2b3dec0]:Can't find HarmonyOS Sans SC font
2023-11-28 11:58:03.580392[Thread 0x00000001e2b3dec0]:Use system font instead: .AppleSystemUIFont
2023-11-28 11:58:03.580455[Thread 0x00000001e2b3dec0]:Can't find HarmonyOS Sans SC font
2023-11-28 11:58:03.580466[Thread 0x00000001e2b3dec0]:Use system font instead: .AppleSystemUIFont
2023-11-28 11:58:03.580482[Thread 0x00000001e2b3dec0]:Can't find HarmonyOS Sans SC font
2023-11-28 11:58:03.580491[Thread 0x00000001e2b3dec0]:Use system font instead: .AppleSystemUIFont
2023-11-28 11:58:03.580544[Thread 0x00000001e2b3dec0]:Can't find HarmonyOS Sans SC font
2023-11-28 11:58:03.580554[Thread 0x00000001e2b3dec0]:Use system font instead: .AppleSystemUIFont
2023-11-28 11:58:03.586310[Thread 0x00000001e2b3dec0]:Can't find HarmonyOS Sans SC font
2023-11-28 11:58:03.586338[Thread 0x00000001e2b3dec0]:Use system font instead: .AppleSystemUIFont
2023-11-28 11:58:03.586359[Thread 0x00000001e2b3dec0]:Can't find HarmonyOS Sans SC font
2023-11-28 11:58:03.586370[Thread 0x00000001e2b3dec0]:Use system font instead: .AppleSystemUIFont
2023-11-28 11:58:03.586397[Thread 0x00000001e2b3dec0]:Can't find HarmonyOS Sans SC font
2023-11-28 11:58:03.586407[Thread 0x00000001e2b3dec0]:Use system font instead: .AppleSystemUIFont
2023-11-28 11:58:03.586419[Thread 0x00000001e2b3dec0]:Can't find HarmonyOS Sans SC font
2023-11-28 11:58:03.586428[Thread 0x00000001e2b3dec0]:Use system font instead: .AppleSystemUIFont
2023-11-28 11:58:03.586441[Thread 0x00000001e2b3dec0]:Can't find HarmonyOS Sans SC font
2023-11-28 11:58:03.586482[Thread 0x00000001e2b3dec0]:Use system font instead: .AppleSystemUIFont
2023-11-28 11:58:03.586505[Thread 0x00000001e2b3dec0]:Can't find HarmonyOS Sans SC font
2023-11-28 11:58:03.586515[Thread 0x00000001e2b3dec0]:Use system font instead: .AppleSystemUIFont
2023-11-28 11:58:03.586526[Thread 0x00000001e2b3dec0]:Can't find HarmonyOS Sans SC font
2023-11-28 11:58:03.586535[Thread 0x00000001e2b3dec0]:Use system font instead: .AppleSystemUIFont
2023-11-28 11:58:03.586635[Thread 0x00000001e2b3dec0]:Can't find HarmonyOS Sans SC font
2023-11-28 11:58:03.586647[Thread 0x00000001e2b3dec0]:Use system font instead: .AppleSystemUIFont
2023-11-28 11:58:03.586748[Thread 0x00000001e2b3dec0]:Can't find HarmonyOS Sans SC font
2023-11-28 11:58:03.586758[Thread 0x00000001e2b3dec0]:Use system font instead: .AppleSystemUIFont
2023-11-28 11:58:03.586770[Thread 0x00000001e2b3dec0]:Can't find HarmonyOS Sans SC font
2023-11-28 11:58:03.586779[Thread 0x00000001e2b3dec0]:Use system font instead: .AppleSystemUIFont
2023-11-28 11:58:03.586798[Thread 0x00000001e2b3dec0]:Can't find HarmonyOS Sans SC font
2023-11-28 11:58:03.586807[Thread 0x00000001e2b3dec0]:Use system font instead: .AppleSystemUIFont
2023-11-28 11:58:03.586818[Thread 0x00000001e2b3dec0]:Can't find HarmonyOS Sans SC font
2023-11-28 11:58:03.586826[Thread 0x00000001e2b3dec0]:Use system font instead: .AppleSystemUIFont
2023-11-28 11:58:03.586838[Thread 0x00000001e2b3dec0]:Can't find HarmonyOS Sans SC font
2023-11-28 11:58:03.586847[Thread 0x00000001e2b3dec0]:Use system font instead: .AppleSystemUIFont
2023-11-28 11:58:03.586865[Thread 0x00000001e2b3dec0]:Can't find HarmonyOS Sans SC font
2023-11-28 11:58:03.586874[Thread 0x00000001e2b3dec0]:Use system font instead: .AppleSystemUIFont
2023-11-28 11:58:03.586885[Thread 0x00000001e2b3dec0]:Can't find HarmonyOS Sans SC font
2023-11-28 11:58:03.586894[Thread 0x00000001e2b3dec0]:Use system font instead: .AppleSystemUIFont
2023-11-28 11:58:03.586964[Thread 0x00000001e2b3dec0]:Can't find HarmonyOS Sans SC font
2023-11-28 11:58:03.586976[Thread 0x00000001e2b3dec0]:Use system font instead: .AppleSystemUIFont
2023-11-28 11:58:03.587026[Thread 0x00000001e2b3dec0]:Can't find HarmonyOS Sans SC font
2023-11-28 11:58:03.587037[Thread 0x00000001e2b3dec0]:Use system font instead: .AppleSystemUIFont
2023-11-28 11:58:03.587110[Thread 0x00000001e2b3dec0]:Can't find HarmonyOS Sans SC font
2023-11-28 11:58:03.587121[Thread 0x00000001e2b3dec0]:Use system font instead: .AppleSystemUIFont
2023-11-28 11:58:03.587133[Thread 0x00000001e2b3dec0]:Can't find HarmonyOS Sans SC font
2023-11-28 11:58:03.587141[Thread 0x00000001e2b3dec0]:Use system font instead: .AppleSystemUIFont
2023-11-28 11:58:03.587160[Thread 0x00000001e2b3dec0]:Can't find HarmonyOS Sans SC font
2023-11-28 11:58:03.587169[Thread 0x00000001e2b3dec0]:Use system font instead: .AppleSystemUIFont
2023-11-28 11:58:03.587180[Thread 0x00000001e2b3dec0]:Can't find HarmonyOS Sans SC font
2023-11-28 11:58:03.587189[Thread 0x00000001e2b3dec0]:Use system font instead: .AppleSystemUIFont
2023-11-28 11:58:03.587200[Thread 0x00000001e2b3dec0]:Can't find HarmonyOS Sans SC font
2023-11-28 11:58:03.587208[Thread 0x00000001e2b3dec0]:Use system font instead: .AppleSystemUIFont
2023-11-28 11:58:03.587226[Thread 0x00000001e2b3dec0]:Can't find HarmonyOS Sans SC font
2023-11-28 11:58:03.587235[Thread 0x00000001e2b3dec0]:Use system font instead: .AppleSystemUIFont
2023-11-28 11:58:03.587245[Thread 0x00000001e2b3dec0]:Can't find HarmonyOS Sans SC font
2023-11-28 11:58:03.587254[Thread 0x00000001e2b3dec0]:Use system font instead: .AppleSystemUIFont
2023-11-28 11:58:03.587311[Thread 0x00000001e2b3dec0]:Can't find HarmonyOS Sans SC font
2023-11-28 11:58:03.587321[Thread 0x00000001e2b3dec0]:Use system font instead: .AppleSystemUIFont
2023-11-28 11:58:03.587341[Thread 0x00000001e2b3dec0]:Can't find HarmonyOS Sans SC font
2023-11-28 11:58:03.587350[Thread 0x00000001e2b3dec0]:Use system font instead: .AppleSystemUIFont
2023-11-28 11:58:03.587397[Thread 0x00000001e2b3dec0]:Can't find HarmonyOS Sans SC font
2023-11-28 11:58:03.587423[Thread 0x00000001e2b3dec0]:Use system font instead: .AppleSystemUIFont
2023-11-28 11:58:03.587497[Thread 0x00000001e2b3dec0]:Can't find HarmonyOS Sans SC font
2023-11-28 11:58:03.587508[Thread 0x00000001e2b3dec0]:Use system font instead: .AppleSystemUIFont
2023-11-28 11:58:03.587519[Thread 0x00000001e2b3dec0]:Can't find HarmonyOS Sans SC font
2023-11-28 11:58:03.587528[Thread 0x00000001e2b3dec0]:Use system font instead: .AppleSystemUIFont
2023-11-28 11:58:03.587546[Thread 0x00000001e2b3dec0]:Can't find HarmonyOS Sans SC font
2023-11-28 11:58:03.587555[Thread 0x00000001e2b3dec0]:Use system font instead: .AppleSystemUIFont
2023-11-28 11:58:03.587566[Thread 0x00000001e2b3dec0]:Can't find HarmonyOS Sans SC font
2023-11-28 11:58:03.587574[Thread 0x00000001e2b3dec0]:Use system font instead: .AppleSystemUIFont
2023-11-28 11:58:03.587585[Thread 0x00000001e2b3dec0]:Can't find HarmonyOS Sans SC font
2023-11-28 11:58:03.587594[Thread 0x00000001e2b3dec0]:Use system font instead: .AppleSystemUIFont
2023-11-28 11:58:03.587612[Thread 0x00000001e2b3dec0]:Can't find HarmonyOS Sans SC font
2023-11-28 11:58:03.587621[Thread 0x00000001e2b3dec0]:Use system font instead: .AppleSystemUIFont
2023-11-28 11:58:03.587631[Thread 0x00000001e2b3dec0]:Can't find HarmonyOS Sans SC font
2023-11-28 11:58:03.587640[Thread 0x00000001e2b3dec0]:Use system font instead: .AppleSystemUIFont
2023-11-28 11:58:03.587695[Thread 0x00000001e2b3dec0]:Can't find HarmonyOS Sans SC font
2023-11-28 11:58:03.587707[Thread 0x00000001e2b3dec0]:Use system font instead: .AppleSystemUIFont
2023-11-28 11:58:03.587726[Thread 0x00000001e2b3dec0]:Can't find HarmonyOS Sans SC font
2023-11-28 11:58:03.587735[Thread 0x00000001e2b3dec0]:Use system font instead: .AppleSystemUIFont
2023-11-28 11:58:03.587750[Thread 0x00000001e2b3dec0]:Can't find HarmonyOS Sans SC font
2023-11-28 11:58:03.587759[Thread 0x00000001e2b3dec0]:Use system font instead: .AppleSystemUIFont
2023-11-28 11:58:03.587802[Thread 0x00000001e2b3dec0]:Can't find HarmonyOS Sans SC font
2023-11-28 11:58:03.587812[Thread 0x00000001e2b3dec0]:Use system font instead: .AppleSystemUIFont
2023-11-28 11:58:03.587881[Thread 0x00000001e2b3dec0]:Can't find HarmonyOS Sans SC font
2023-11-28 11:58:03.587892[Thread 0x00000001e2b3dec0]:Use system font instead: .AppleSystemUIFont
2023-11-28 11:58:03.587903[Thread 0x00000001e2b3dec0]:Can't find HarmonyOS Sans SC font
2023-11-28 11:58:03.587912[Thread 0x00000001e2b3dec0]:Use system font instead: .AppleSystemUIFont
2023-11-28 11:58:03.587929[Thread 0x00000001e2b3dec0]:Can't find HarmonyOS Sans SC font
2023-11-28 11:58:03.587938[Thread 0x00000001e2b3dec0]:Use system font instead: .AppleSystemUIFont
2023-11-28 11:58:03.587948[Thread 0x00000001e2b3dec0]:Can't find HarmonyOS Sans SC font
2023-11-28 11:58:03.587956[Thread 0x00000001e2b3dec0]:Use system font instead: .AppleSystemUIFont
2023-11-28 11:58:03.587967[Thread 0x00000001e2b3dec0]:Can't find HarmonyOS Sans SC font
2023-11-28 11:58:03.587975[Thread 0x00000001e2b3dec0]:Use system font instead: .AppleSystemUIFont
2023-11-28 11:58:03.587992[Thread 0x00000001e2b3dec0]:Can't find HarmonyOS Sans SC font
2023-11-28 11:58:03.588000[Thread 0x00000001e2b3dec0]:Use system font instead: .AppleSystemUIFont
2023-11-28 11:58:03.588011[Thread 0x00000001e2b3dec0]:Can't find HarmonyOS Sans SC font
2023-11-28 11:58:03.588019[Thread 0x00000001e2b3dec0]:Use system font instead: .AppleSystemUIFont
2023-11-28 11:58:03.588070[Thread 0x00000001e2b3dec0]:Can't find HarmonyOS Sans SC font
2023-11-28 11:58:03.588080[Thread 0x00000001e2b3dec0]:Use system font instead: .AppleSystemUIFont
2023-11-28 11:58:03.588098[Thread 0x00000001e2b3dec0]:Can't find HarmonyOS Sans SC font
2023-11-28 11:58:03.588107[Thread 0x00000001e2b3dec0]:Use system font instead: .AppleSystemUIFont
2023-11-28 11:58:03.588123[Thread 0x00000001e2b3dec0]:Can't find HarmonyOS Sans SC font
2023-11-28 11:58:03.588132[Thread 0x00000001e2b3dec0]:Use system font instead: .AppleSystemUIFont
2023-11-28 11:58:03.588148[Thread 0x00000001e2b3dec0]:Can't find HarmonyOS Sans SC font
2023-11-28 11:58:03.588172[Thread 0x00000001e2b3dec0]:Use system font instead: .AppleSystemUIFont
2023-11-28 11:58:03.588219[Thread 0x00000001e2b3dec0]:Can't find HarmonyOS Sans SC font
2023-11-28 11:58:03.588229[Thread 0x00000001e2b3dec0]:Use system font instead: .AppleSystemUIFont
2023-11-28 11:58:03.588306[Thread 0x00000001e2b3dec0]:Can't find HarmonyOS Sans SC font
2023-11-28 11:58:03.588316[Thread 0x00000001e2b3dec0]:Use system font instead: .AppleSystemUIFont
2023-11-28 11:58:03.588331[Thread 0x00000001e2b3dec0]:Can't find HarmonyOS Sans SC font
2023-11-28 11:58:03.588340[Thread 0x00000001e2b3dec0]:Use system font instead: .AppleSystemUIFont
2023-11-28 11:58:03.588360[Thread 0x00000001e2b3dec0]:Can't find HarmonyOS Sans SC font
2023-11-28 11:58:03.588370[Thread 0x00000001e2b3dec0]:Use system font instead: .AppleSystemUIFont
2023-11-28 11:58:03.588389[Thread 0x00000001e2b3dec0]:Can't find HarmonyOS Sans SC font
2023-11-28 11:58:03.588398[Thread 0x00000001e2b3dec0]:Use system font instead: .AppleSystemUIFont
2023-11-28 11:58:03.588417[Thread 0x00000001e2b3dec0]:Can't find HarmonyOS Sans SC font
2023-11-28 11:58:03.588427[Thread 0x00000001e2b3dec0]:Use system font instead: .AppleSystemUIFont
2023-11-28 11:58:03.588451[Thread 0x00000001e2b3dec0]:Can't find HarmonyOS Sans SC font
2023-11-28 11:58:03.588463[Thread 0x00000001e2b3dec0]:Use system font instead: .AppleSystemUIFont
2023-11-28 11:58:03.588481[Thread 0x00000001e2b3dec0]:Can't find HarmonyOS Sans SC font
2023-11-28 11:58:03.588489[Thread 0x00000001e2b3dec0]:Use system font instead: .AppleSystemUIFont
2023-11-28 11:58:03.588551[Thread 0x00000001e2b3dec0]:Can't find HarmonyOS Sans SC font
2023-11-28 11:58:03.588564[Thread 0x00000001e2b3dec0]:Use system font instead: .AppleSystemUIFont
2023-11-28 11:58:03.588589[Thread 0x00000001e2b3dec0]:Can't find HarmonyOS Sans SC font
2023-11-28 11:58:03.588599[Thread 0x00000001e2b3dec0]:Use system font instead: .AppleSystemUIFont
2023-11-28 11:58:03.588624[Thread 0x00000001e2b3dec0]:Can't find HarmonyOS Sans SC font
2023-11-28 11:58:03.588634[Thread 0x00000001e2b3dec0]:Use system font instead: .AppleSystemUIFont
2023-11-28 11:58:03.588659[Thread 0x00000001e2b3dec0]:Can't find HarmonyOS Sans SC font
2023-11-28 11:58:03.588668[Thread 0x00000001e2b3dec0]:Use system font instead: .AppleSystemUIFont
2023-11-28 11:58:03.588684[Thread 0x00000001e2b3dec0]:Can't find HarmonyOS Sans SC font
2023-11-28 11:58:03.588694[Thread 0x00000001e2b3dec0]:Use system font instead: .AppleSystemUIFont
2023-11-28 11:58:03.588738[Thread 0x00000001e2b3dec0]:Can't find HarmonyOS Sans SC font
2023-11-28 11:58:03.588749[Thread 0x00000001e2b3dec0]:Use system font instead: .AppleSystemUIFont
2023-11-28 11:58:03.588823[Thread 0x00000001e2b3dec0]:Can't find HarmonyOS Sans SC font
2023-11-28 11:58:03.588833[Thread 0x00000001e2b3dec0]:Use system font instead: .AppleSystemUIFont
2023-11-28 11:58:03.588848[Thread 0x00000001e2b3dec0]:Can't find HarmonyOS Sans SC font
2023-11-28 11:58:03.588857[Thread 0x00000001e2b3dec0]:Use system font instead: .AppleSystemUIFont
2023-11-28 11:58:03.588877[Thread 0x00000001e2b3dec0]:Can't find HarmonyOS Sans SC font
2023-11-28 11:58:03.588886[Thread 0x00000001e2b3dec0]:Use system font instead: .AppleSystemUIFont
2023-11-28 11:58:03.588899[Thread 0x00000001e2b3dec0]:Can't find HarmonyOS Sans SC font
2023-11-28 11:58:03.588908[Thread 0x00000001e2b3dec0]:Use system font instead: .AppleSystemUIFont
2023-11-28 11:58:03.588921[Thread 0x00000001e2b3dec0]:Can't find HarmonyOS Sans SC font
2023-11-28 11:58:03.588930[Thread 0x00000001e2b3dec0]:Use system font instead: .AppleSystemUIFont
2023-11-28 11:58:03.588949[Thread 0x00000001e2b3dec0]:Can't find HarmonyOS Sans SC font
2023-11-28 11:58:03.588958[Thread 0x00000001e2b3dec0]:Use system font instead: .AppleSystemUIFont
2023-11-28 11:58:03.588971[Thread 0x00000001e2b3dec0]:Can't find HarmonyOS Sans SC font
2023-11-28 11:58:03.588979[Thread 0x00000001e2b3dec0]:Use system font instead: .AppleSystemUIFont
2023-11-28 11:58:03.589038[Thread 0x00000001e2b3dec0]:Can't find HarmonyOS Sans SC font
2023-11-28 11:58:03.589066[Thread 0x00000001e2b3dec0]:Use system font instead: .AppleSystemUIFont
2023-11-28 11:58:03.589088[Thread 0x00000001e2b3dec0]:Can't find HarmonyOS Sans SC font
2023-11-28 11:58:03.589098[Thread 0x00000001e2b3dec0]:Use system font instead: .AppleSystemUIFont
2023-11-28 11:58:03.589117[Thread 0x00000001e2b3dec0]:Can't find HarmonyOS Sans SC font
2023-11-28 11:58:03.589128[Thread 0x00000001e2b3dec0]:Use system font instead: .AppleSystemUIFont
2023-11-28 11:58:03.589146[Thread 0x00000001e2b3dec0]:Can't find HarmonyOS Sans SC font
2023-11-28 11:58:03.589156[Thread 0x00000001e2b3dec0]:Use system font instead: .AppleSystemUIFont
2023-11-28 11:58:03.589174[Thread 0x00000001e2b3dec0]:Can't find HarmonyOS Sans SC font
2023-11-28 11:58:03.589184[Thread 0x00000001e2b3dec0]:Use system font instead: .AppleSystemUIFont
2023-11-28 11:58:03.589202[Thread 0x00000001e2b3dec0]:Can't find HarmonyOS Sans SC font
2023-11-28 11:58:03.589213[Thread 0x00000001e2b3dec0]:Use system font instead: .AppleSystemUIFont
2023-11-28 11:58:03.589264[Thread 0x00000001e2b3dec0]:Can't find HarmonyOS Sans SC font
2023-11-28 11:58:03.589278[Thread 0x00000001e2b3dec0]:Use system font instead: .AppleSystemUIFont
2023-11-28 11:58:03.598373[Thread 0x00000001e2b3dec0]:CreateWebView: file:/Applications/OrcaSlicer.app/Contents/Resources/web/homepage/index.html?lang=en_US
2023-11-28 11:58:03.670947[Thread 0x00000001e2b3dec0]:Can't find HarmonyOS Sans SC font
2023-11-28 11:58:03.670979[Thread 0x00000001e2b3dec0]:Use system font instead: .AppleSystemUIFont
2023-11-28 11:58:03.675948[Thread 0x00000001e2b3dec0]:Can't find HarmonyOS Sans SC font
2023-11-28 11:58:03.675972[Thread 0x00000001e2b3dec0]:Use system font instead: .AppleSystemUIFont
2023-11-28 11:58:03.675990[Thread 0x00000001e2b3dec0]:Can't find HarmonyOS Sans SC font
2023-11-28 11:58:03.676000[Thread 0x00000001e2b3dec0]:Use system font instead: .AppleSystemUIFont
2023-11-28 11:58:03.676042[Thread 0x00000001e2b3dec0]:Can't find HarmonyOS Sans SC font
2023-11-28 11:58:03.676053[Thread 0x00000001e2b3dec0]:Use system font instead: .AppleSystemUIFont
2023-11-28 11:58:03.676065[Thread 0x00000001e2b3dec0]:Can't find HarmonyOS Sans SC font
2023-11-28 11:58:03.676074[Thread 0x00000001e2b3dec0]:Use system font instead: .AppleSystemUIFont
2023-11-28 11:58:03.676086[Thread 0x00000001e2b3dec0]:Can't find HarmonyOS Sans SC font
2023-11-28 11:58:03.676095[Thread 0x00000001e2b3dec0]:Use system font instead: .AppleSystemUIFont
2023-11-28 11:58:03.676119[Thread 0x00000001e2b3dec0]:Can't find HarmonyOS Sans SC font
2023-11-28 11:58:03.676128[Thread 0x00000001e2b3dec0]:Use system font instead: .AppleSystemUIFont
2023-11-28 11:58:03.676139[Thread 0x00000001e2b3dec0]:Can't find HarmonyOS Sans SC font
2023-11-28 11:58:03.676148[Thread 0x00000001e2b3dec0]:Use system font instead: .AppleSystemUIFont
2023-11-28 11:58:03.676293[Thread 0x00000001e2b3dec0]:Can't find HarmonyOS Sans SC font
2023-11-28 11:58:03.676304[Thread 0x00000001e2b3dec0]:Use system font instead: .AppleSystemUIFont
2023-11-28 11:58:03.676422[Thread 0x00000001e2b3dec0]:Can't find HarmonyOS Sans SC font
2023-11-28 11:58:03.676434[Thread 0x00000001e2b3dec0]:Use system font instead: .AppleSystemUIFont
2023-11-28 11:58:03.676446[Thread 0x00000001e2b3dec0]:Can't find HarmonyOS Sans SC font
2023-11-28 11:58:03.676455[Thread 0x00000001e2b3dec0]:Use system font instead: .AppleSystemUIFont
2023-11-28 11:58:03.676476[Thread 0x00000001e2b3dec0]:Can't find HarmonyOS Sans SC font
2023-11-28 11:58:03.676485[Thread 0x00000001e2b3dec0]:Use system font instead: .AppleSystemUIFont
2023-11-28 11:58:03.676496[Thread 0x00000001e2b3dec0]:Can't find HarmonyOS Sans SC font
2023-11-28 11:58:03.676504[Thread 0x00000001e2b3dec0]:Use system font instead: .AppleSystemUIFont
2023-11-28 11:58:03.676516[Thread 0x00000001e2b3dec0]:Can't find HarmonyOS Sans SC font
2023-11-28 11:58:03.676525[Thread 0x00000001e2b3dec0]:Use system font instead: .AppleSystemUIFont
2023-11-28 11:58:03.676546[Thread 0x00000001e2b3dec0]:Can't find HarmonyOS Sans SC font
2023-11-28 11:58:03.676557[Thread 0x00000001e2b3dec0]:Use system font instead: .AppleSystemUIFont
2023-11-28 11:58:03.676604[Thread 0x00000001e2b3dec0]:Can't find HarmonyOS Sans SC font
2023-11-28 11:58:03.676613[Thread 0x00000001e2b3dec0]:Use system font instead: .AppleSystemUIFont
2023-11-28 11:58:03.676679[Thread 0x00000001e2b3dec0]:Can't find HarmonyOS Sans SC font
2023-11-28 11:58:03.676690[Thread 0x00000001e2b3dec0]:Use system font instead: .AppleSystemUIFont
2023-11-28 11:58:03.676752[Thread 0x00000001e2b3dec0]:Can't find HarmonyOS Sans SC font
2023-11-28 11:58:03.676764[Thread 0x00000001e2b3dec0]:Use system font instead: .AppleSystemUIFont
2023-11-28 11:58:03.676873[Thread 0x00000001e2b3dec0]:Can't find HarmonyOS Sans SC font
2023-11-28 11:58:03.676884[Thread 0x00000001e2b3dec0]:Use system font instead: .AppleSystemUIFont
2023-11-28 11:58:03.676895[Thread 0x00000001e2b3dec0]:Can't find HarmonyOS Sans SC font
2023-11-28 11:58:03.676904[Thread 0x00000001e2b3dec0]:Use system font instead: .AppleSystemUIFont
2023-11-28 11:58:03.676922[Thread 0x00000001e2b3dec0]:Can't find HarmonyOS Sans SC font
2023-11-28 11:58:03.676931[Thread 0x00000001e2b3dec0]:Use system font instead: .AppleSystemUIFont
2023-11-28 11:58:03.676942[Thread 0x00000001e2b3dec0]:Can't find HarmonyOS Sans SC font
2023-11-28 11:58:03.676951[Thread 0x00000001e2b3dec0]:Use system font instead: .AppleSystemUIFont
2023-11-28 11:58:03.676962[Thread 0x00000001e2b3dec0]:Can't find HarmonyOS Sans SC font
2023-11-28 11:58:03.676970[Thread 0x00000001e2b3dec0]:Use system font instead: .AppleSystemUIFont
2023-11-28 11:58:03.676988[Thread 0x00000001e2b3dec0]:Can't find HarmonyOS Sans SC font
2023-11-28 11:58:03.676997[Thread 0x00000001e2b3dec0]:Use system font instead: .AppleSystemUIFont
2023-11-28 11:58:03.677007[Thread 0x00000001e2b3dec0]:Can't find HarmonyOS Sans SC font
2023-11-28 11:58:03.677016[Thread 0x00000001e2b3dec0]:Use system font instead: .AppleSystemUIFont
2023-11-28 11:58:03.677079[Thread 0x00000001e2b3dec0]:Can't find HarmonyOS Sans SC font
2023-11-28 11:58:03.677090[Thread 0x00000001e2b3dec0]:Use system font instead: .AppleSystemUIFont
2023-11-28 11:58:03.677109[Thread 0x00000001e2b3dec0]:Can't find HarmonyOS Sans SC font
2023-11-28 11:58:03.677119[Thread 0x00000001e2b3dec0]:Use system font instead: .AppleSystemUIFont
2023-11-28 11:58:03.677135[Thread 0x00000001e2b3dec0]:Can't find HarmonyOS Sans SC font
2023-11-28 11:58:03.677144[Thread 0x00000001e2b3dec0]:Use system font instead: .AppleSystemUIFont
2023-11-28 11:58:03.677196[Thread 0x00000001e2b3dec0]:Can't find HarmonyOS Sans SC font
2023-11-28 11:58:03.677208[Thread 0x00000001e2b3dec0]:Use system font instead: .AppleSystemUIFont
2023-11-28 11:58:03.677223[Thread 0x00000001e2b3dec0]:Can't find HarmonyOS Sans SC font
2023-11-28 11:58:03.677232[Thread 0x00000001e2b3dec0]:Use system font instead: .AppleSystemUIFont
2023-11-28 11:58:03.677254[Thread 0x00000001e2b3dec0]:Can't find HarmonyOS Sans SC font
2023-11-28 11:58:03.677263[Thread 0x00000001e2b3dec0]:Use system font instead: .AppleSystemUIFont
2023-11-28 11:58:03.677279[Thread 0x00000001e2b3dec0]:Can't find HarmonyOS Sans SC font
2023-11-28 11:58:03.677287[Thread 0x00000001e2b3dec0]:Use system font instead: .AppleSystemUIFont
2023-11-28 11:58:03.677303[Thread 0x00000001e2b3dec0]:Can't find HarmonyOS Sans SC font
2023-11-28 11:58:03.677312[Thread 0x00000001e2b3dec0]:Use system font instead: .AppleSystemUIFont
2023-11-28 11:58:03.677334[Thread 0x00000001e2b3dec0]:Can't find HarmonyOS Sans SC font
2023-11-28 11:58:03.677343[Thread 0x00000001e2b3dec0]:Use system font instead: .AppleSystemUIFont
2023-11-28 11:58:03.677360[Thread 0x00000001e2b3dec0]:Can't find HarmonyOS Sans SC font
2023-11-28 11:58:03.677369[Thread 0x00000001e2b3dec0]:Use system font instead: .AppleSystemUIFont
2023-11-28 11:58:03.677430[Thread 0x00000001e2b3dec0]:Can't find HarmonyOS Sans SC font
2023-11-28 11:58:03.677441[Thread 0x00000001e2b3dec0]:Use system font instead: .AppleSystemUIFont
2023-11-28 11:58:03.677464[Thread 0x00000001e2b3dec0]:Can't find HarmonyOS Sans SC font
2023-11-28 11:58:03.677474[Thread 0x00000001e2b3dec0]:Use system font instead: .AppleSystemUIFont
2023-11-28 11:58:03.677502[Thread 0x00000001e2b3dec0]:Can't find HarmonyOS Sans SC font
2023-11-28 11:58:03.677512[Thread 0x00000001e2b3dec0]:Use system font instead: .AppleSystemUIFont
2023-11-28 11:58:03.677528[Thread 0x00000001e2b3dec0]:Can't find HarmonyOS Sans SC font
2023-11-28 11:58:03.677537[Thread 0x00000001e2b3dec0]:Use system font instead: .AppleSystemUIFont
2023-11-28 11:58:03.677566[Thread 0x00000001e2b3dec0]:Can't find HarmonyOS Sans SC font
2023-11-28 11:58:03.677576[Thread 0x00000001e2b3dec0]:Use system font instead: .AppleSystemUIFont
2023-11-28 11:58:03.677587[Thread 0x00000001e2b3dec0]:Can't find HarmonyOS Sans SC font
2023-11-28 11:58:03.677595[Thread 0x00000001e2b3dec0]:Use system font instead: .AppleSystemUIFont
2023-11-28 11:58:03.677613[Thread 0x00000001e2b3dec0]:Can't find HarmonyOS Sans SC font
2023-11-28 11:58:03.677622[Thread 0x00000001e2b3dec0]:Use system font instead: .AppleSystemUIFont
2023-11-28 11:58:03.677632[Thread 0x00000001e2b3dec0]:Can't find HarmonyOS Sans SC font
2023-11-28 11:58:03.677641[Thread 0x00000001e2b3dec0]:Use system font instead: .AppleSystemUIFont
2023-11-28 11:58:03.677652[Thread 0x00000001e2b3dec0]:Can't find HarmonyOS Sans SC font
2023-11-28 11:58:03.677660[Thread 0x00000001e2b3dec0]:Use system font instead: .AppleSystemUIFont
2023-11-28 11:58:03.677677[Thread 0x00000001e2b3dec0]:Can't find HarmonyOS Sans SC font
2023-11-28 11:58:03.677686[Thread 0x00000001e2b3dec0]:Use system font instead: .AppleSystemUIFont
2023-11-28 11:58:03.677696[Thread 0x00000001e2b3dec0]:Can't find HarmonyOS Sans SC font
2023-11-28 11:58:03.677705[Thread 0x00000001e2b3dec0]:Use system font instead: .AppleSystemUIFont
2023-11-28 11:58:03.677762[Thread 0x00000001e2b3dec0]:Can't find HarmonyOS Sans SC font
2023-11-28 11:58:03.677772[Thread 0x00000001e2b3dec0]:Use system font instead: .AppleSystemUIFont
2023-11-28 11:58:03.677788[Thread 0x00000001e2b3dec0]:Can't find HarmonyOS Sans SC font
2023-11-28 11:58:03.677797[Thread 0x00000001e2b3dec0]:Use system font instead: .AppleSystemUIFont
2023-11-28 11:58:03.677812[Thread 0x00000001e2b3dec0]:Can't find HarmonyOS Sans SC font
2023-11-28 11:58:03.677821[Thread 0x00000001e2b3dec0]:Use system font instead: .AppleSystemUIFont
2023-11-28 11:58:03.677836[Thread 0x00000001e2b3dec0]:Can't find HarmonyOS Sans SC font
2023-11-28 11:58:03.677845[Thread 0x00000001e2b3dec0]:Use system font instead: .AppleSystemUIFont
2023-11-28 11:58:03.677860[Thread 0x00000001e2b3dec0]:Can't find HarmonyOS Sans SC font
2023-11-28 11:58:03.677870[Thread 0x00000001e2b3dec0]:Use system font instead: .AppleSystemUIFont
2023-11-28 11:58:03.677897[Thread 0x00000001e2b3dec0]:Can't find HarmonyOS Sans SC font
2023-11-28 11:58:03.677907[Thread 0x00000001e2b3dec0]:Use system font instead: .AppleSystemUIFont
2023-11-28 11:58:03.677921[Thread 0x00000001e2b3dec0]:Can't find HarmonyOS Sans SC font
2023-11-28 11:58:03.677930[Thread 0x00000001e2b3dec0]:Use system font instead: .AppleSystemUIFont
2023-11-28 11:58:03.677948[Thread 0x00000001e2b3dec0]:Can't find HarmonyOS Sans SC font
2023-11-28 11:58:03.677956[Thread 0x00000001e2b3dec0]:Use system font instead: .AppleSystemUIFont
2023-11-28 11:58:03.677968[Thread 0x00000001e2b3dec0]:Can't find HarmonyOS Sans SC font
2023-11-28 11:58:03.677976[Thread 0x00000001e2b3dec0]:Use system font instead: .AppleSystemUIFont
2023-11-28 11:58:03.677987[Thread 0x00000001e2b3dec0]:Can't find HarmonyOS Sans SC font
2023-11-28 11:58:03.677996[Thread 0x00000001e2b3dec0]:Use system font instead: .AppleSystemUIFont
2023-11-28 11:58:03.678013[Thread 0x00000001e2b3dec0]:Can't find HarmonyOS Sans SC font
2023-11-28 11:58:03.678022[Thread 0x00000001e2b3dec0]:Use system font instead: .AppleSystemUIFont
2023-11-28 11:58:03.678033[Thread 0x00000001e2b3dec0]:Can't find HarmonyOS Sans SC font
2023-11-28 11:58:03.678041[Thread 0x00000001e2b3dec0]:Use system font instead: .AppleSystemUIFont
2023-11-28 11:58:03.678100[Thread 0x00000001e2b3dec0]:Can't find HarmonyOS Sans SC font
2023-11-28 11:58:03.678109[Thread 0x00000001e2b3dec0]:Use system font instead: .AppleSystemUIFont
2023-11-28 11:58:03.678144[Thread 0x00000001e2b3dec0]:Can't find HarmonyOS Sans SC font
2023-11-28 11:58:03.678154[Thread 0x00000001e2b3dec0]:Use system font instead: .AppleSystemUIFont
2023-11-28 11:58:03.678170[Thread 0x00000001e2b3dec0]:Can't find HarmonyOS Sans SC font
2023-11-28 11:58:03.678179[Thread 0x00000001e2b3dec0]:Use system font instead: .AppleSystemUIFont
2023-11-28 11:58:03.678194[Thread 0x00000001e2b3dec0]:Can't find HarmonyOS Sans SC font
2023-11-28 11:58:03.678203[Thread 0x00000001e2b3dec0]:Use system font instead: .AppleSystemUIFont
2023-11-28 11:58:03.678219[Thread 0x00000001e2b3dec0]:Can't find HarmonyOS Sans SC font
2023-11-28 11:58:03.678228[Thread 0x00000001e2b3dec0]:Use system font instead: .AppleSystemUIFont
2023-11-28 11:58:03.678243[Thread 0x00000001e2b3dec0]:Can't find HarmonyOS Sans SC font
2023-11-28 11:58:03.678252[Thread 0x00000001e2b3dec0]:Use system font instead: .AppleSystemUIFont
2023-11-28 11:58:03.678281[Thread 0x00000001e2b3dec0]:Can't find HarmonyOS Sans SC font
2023-11-28 11:58:03.678292[Thread 0x00000001e2b3dec0]:Use system font instead: .AppleSystemUIFont
2023-11-28 11:58:03.678304[Thread 0x00000001e2b3dec0]:Can't find HarmonyOS Sans SC font
2023-11-28 11:58:03.678312[Thread 0x00000001e2b3dec0]:Use system font instead: .AppleSystemUIFont
2023-11-28 11:58:03.678330[Thread 0x00000001e2b3dec0]:Can't find HarmonyOS Sans SC font
2023-11-28 11:58:03.678340[Thread 0x00000001e2b3dec0]:Use system font instead: .AppleSystemUIFont
2023-11-28 11:58:03.678351[Thread 0x00000001e2b3dec0]:Can't find HarmonyOS Sans SC font
2023-11-28 11:58:03.678359[Thread 0x00000001e2b3dec0]:Use system font instead: .AppleSystemUIFont
2023-11-28 11:58:03.678371[Thread 0x00000001e2b3dec0]:Can't find HarmonyOS Sans SC font
2023-11-28 11:58:03.678380[Thread 0x00000001e2b3dec0]:Use system font instead: .AppleSystemUIFont
2023-11-28 11:58:03.678398[Thread 0x00000001e2b3dec0]:Can't find HarmonyOS Sans SC font
2023-11-28 11:58:03.678407[Thread 0x00000001e2b3dec0]:Use system font instead: .AppleSystemUIFont
2023-11-28 11:58:03.678418[Thread 0x00000001e2b3dec0]:Can't find HarmonyOS Sans SC font
2023-11-28 11:58:03.678427[Thread 0x00000001e2b3dec0]:Use system font instead: .AppleSystemUIFont
2023-11-28 11:58:03.678486[Thread 0x00000001e2b3dec0]:Can't find HarmonyOS Sans SC font
2023-11-28 11:58:03.678496[Thread 0x00000001e2b3dec0]:Use system font instead: .AppleSystemUIFont
2023-11-28 11:58:03.678513[Thread 0x00000001e2b3dec0]:Can't find HarmonyOS Sans SC font
2023-11-28 11:58:03.678522[Thread 0x00000001e2b3dec0]:Use system font instead: .AppleSystemUIFont
2023-11-28 11:58:03.678537[Thread 0x00000001e2b3dec0]:Can't find HarmonyOS Sans SC font
2023-11-28 11:58:03.678546[Thread 0x00000001e2b3dec0]:Use system font instead: .AppleSystemUIFont
2023-11-28 11:58:03.678561[Thread 0x00000001e2b3dec0]:Can't find HarmonyOS Sans SC font
2023-11-28 11:58:03.678570[Thread 0x00000001e2b3dec0]:Use system font instead: .AppleSystemUIFont
2023-11-28 11:58:03.678585[Thread 0x00000001e2b3dec0]:Can't find HarmonyOS Sans SC font
