2023-11-27 07:39:15.893838[Thread 0x00000001e342dec0]:gui mode, Current OrcaSlicer Version 1.8.0
2023-11-27 07:39:15.895544[Thread 0x00000001e342dec0]:load_language: language , initial: 1
2023-11-27 07:39:15.895565[Thread 0x00000001e342dec0]:language provided by OrcaSlicer.conf: en_GB
2023-11-27 07:39:15.913422[Thread 0x00000001e342dec0]:Update_dark_mode_flag: switch the current dark mode status to 1 
2023-11-27 07:39:15.914393[Thread 0x00000001e342dec0]:begin to show the splash screen...
2023-11-27 07:39:15.926857[Thread 0x00000001e342dec0]:loading systen presets...
2023-11-27 07:39:15.927948[Thread 0x00000001e342dec0]:[BBL Updater]:Checking whether the profile from resource is newer
2023-11-27 07:39:15.928481[Thread 0x00000001e342dec0]:Installing 2 bundles from resources ...
2023-11-27 07:39:15.939802[Thread 0x00000001e342dec0]:[BBL Updater]:Performing 8 updates
2023-11-27 07:39:15.939820[Thread 0x00000001e342dec0]:	Update(/Applications/OrcaSlicer.app/Contents/Resources/profiles/Custom.json -> /Users/pato/Library/Application Support/OrcaSlicer/system/Custom.json)
2023-11-27 07:39:15.940344[Thread 0x00000001e342dec0]:	Update(/Applications/OrcaSlicer.app/Contents/Resources/profiles/Custom/process -> /Users/pato/Library/Application Support/OrcaSlicer/system/Custom/process)
2023-11-27 07:39:15.940348[Thread 0x00000001e342dec0]:copy_directory_recursively "/Applications/OrcaSlicer.app/Contents/Resources/profiles/Custom/process" -> "/Users/pato/Library/Application Support/OrcaSlicer/system/Custom/process"
2023-11-27 07:39:15.943871[Thread 0x00000001e342dec0]:	Update(/Applications/OrcaSlicer.app/Contents/Resources/profiles/Custom/filament -> /Users/pato/Library/Application Support/OrcaSlicer/system/Custom/filament)
2023-11-27 07:39:15.943874[Thread 0x00000001e342dec0]:copy_directory_recursively "/Applications/OrcaSlicer.app/Contents/Resources/profiles/Custom/filament" -> "/Users/pato/Library/Application Support/OrcaSlicer/system/Custom/filament"
2023-11-27 07:39:15.947419[Thread 0x00000001e342dec0]:	Update(/Applications/OrcaSlicer.app/Contents/Resources/profiles/Custom/machine -> /Users/pato/Library/Application Support/OrcaSlicer/system/Custom/machine)
2023-11-27 07:39:15.947423[Thread 0x00000001e342dec0]:copy_directory_recursively "/Applications/OrcaSlicer.app/Contents/Resources/profiles/Custom/machine" -> "/Users/pato/Library/Application Support/OrcaSlicer/system/Custom/machine"
2023-11-27 07:39:15.948601[Thread 0x00000001e342dec0]:	Update(/Applications/OrcaSlicer.app/Contents/Resources/profiles/Creality.json -> /Users/pato/Library/Application Support/OrcaSlicer/system/Creality.json)
2023-11-27 07:39:15.949008[Thread 0x00000001e342dec0]:	Update(/Applications/OrcaSlicer.app/Contents/Resources/profiles/Creality/process -> /Users/pato/Library/Application Support/OrcaSlicer/system/Creality/process)
2023-11-27 07:39:15.949011[Thread 0x00000001e342dec0]:copy_directory_recursively "/Applications/OrcaSlicer.app/Contents/Resources/profiles/Creality/process" -> "/Users/pato/Library/Application Support/OrcaSlicer/system/Creality/process"
2023-11-27 07:39:15.963379[Thread 0x00000001e342dec0]:	Update(/Applications/OrcaSlicer.app/Contents/Resources/profiles/Creality/filament -> /Users/pato/Library/Application Support/OrcaSlicer/system/Creality/filament)
2023-11-27 07:39:15.963388[Thread 0x00000001e342dec0]:copy_directory_recursively "/Applications/OrcaSlicer.app/Contents/Resources/profiles/Creality/filament" -> "/Users/pato/Library/Application Support/OrcaSlicer/system/Creality/filament"
2023-11-27 07:39:15.967797[Thread 0x00000001e342dec0]:	Update(/Applications/OrcaSlicer.app/Contents/Resources/profiles/Creality/machine -> /Users/pato/Library/Application Support/OrcaSlicer/system/Creality/machine)
2023-11-27 07:39:15.967801[Thread 0x00000001e342dec0]:copy_directory_recursively "/Applications/OrcaSlicer.app/Contents/Resources/profiles/Creality/machine" -> "/Users/pato/Library/Application Support/OrcaSlicer/system/Creality/machine"
2023-11-27 07:39:16.010410[Thread 0x00000001e342dec0]:initialize_network_module, successfully loaded library /Users/pato/Library/Application Support/OrcaSlicer/plugins/libbambu_networking.dylib, module 0x895d0310
2023-11-27 07:39:16.010507[Thread 0x00000001e342dec0]:get_network_function, can not find function bambu_network_get_profile_3mf
2023-11-27 07:39:16.010519[Thread 0x00000001e342dec0]:on_init_network: on_init_network, load dll ok
2023-11-27 07:39:16.010531[Thread 0x00000001e342dec0]:get_network_agent_version=01.07.07.07
2023-11-27 07:39:16.010533[Thread 0x00000001e342dec0]:on_init_network: on_init_network, compatibility version
2023-11-27 07:39:16.028462[Thread 0x00000001e342dec0]:on_init_network, create network agent...
2023-11-27 07:39:16.030147[Thread 0x00000001e342dec0]:NetworkAgent, this 0x6000039e4ab0, network_agent=0x6000039e4b60, create_agent_ptr=1
2023-11-27 07:39:16.030879[Thread 0x00000001e342dec0]:init_networking_callbacks: enter, m_agent=0x6000039e4ab0
2023-11-27 07:39:16.030902[Thread 0x00000001e342dec0]:init_networking_callbacks: exit, m_agent=0x6000039e4ab0
2023-11-27 07:39:16.032189[Thread 0x00000001e342dec0]:load_presets enter, substitution_rule 3, preferred printer_model_id 
2023-11-27 07:39:16.032285[Thread 0x00000001e342dec0]:load_vendor_configs_from_json: parse /Users/pato/Library/Application Support/OrcaSlicer/system/Custom.json, got description:  "My configurations"
2023-11-27 07:39:16.037527[Thread 0x00000001e342dec0]:load_vendor_configs_from_json: parse /Users/pato/Library/Application Support/OrcaSlicer/system/Creality.json, got description:  "Creality configurations"
2023-11-27 07:39:16.066766[Thread 0x00000001e342dec0]:update_compatibility for all presets enter
2023-11-27 07:39:16.066784[Thread 0x00000001e342dec0]:update_compatibility for all presets exit
2023-11-27 07:39:16.066789[Thread 0x00000001e342dec0]:update_compatibility for all presets enter
2023-11-27 07:39:16.066793[Thread 0x00000001e342dec0]:update_compatibility for all presets exit
2023-11-27 07:39:16.067011[Thread 0x00000001e342dec0]:update_compatibility for all presets enter
2023-11-27 07:39:16.067040[Thread 0x00000001e342dec0]:update_compatibility for all presets exit
2023-11-27 07:39:16.067042[Thread 0x00000001e342dec0]:load_presets finished, returned substitutions 0
2023-11-27 07:39:16.067049[Thread 0x00000001e342dec0]:start_sync_service...
2023-11-27 07:39:16.067070[Thread 0x00000001e342dec0]:create the main window
2023-11-27 07:39:16.111287[Thread 0x00000001e342dec0]:Can't find HarmonyOS Sans SC font
2023-11-27 07:39:16.111327[Thread 0x00000001e342dec0]:Use system font instead: .AppleSystemUIFont
2023-11-27 07:39:16.111357[Thread 0x00000001e342dec0]:Can't find HarmonyOS Sans SC font
2023-11-27 07:39:16.111368[Thread 0x00000001e342dec0]:Use system font instead: .AppleSystemUIFont
2023-11-27 07:39:16.111445[Thread 0x00000001e342dec0]:Can't find HarmonyOS Sans SC font
2023-11-27 07:39:16.111457[Thread 0x00000001e342dec0]:Use system font instead: .AppleSystemUIFont
2023-11-27 07:39:16.111471[Thread 0x00000001e342dec0]:Can't find HarmonyOS Sans SC font
2023-11-27 07:39:16.111480[Thread 0x00000001e342dec0]:Use system font instead: .AppleSystemUIFont
2023-11-27 07:39:16.111493[Thread 0x00000001e342dec0]:Can't find HarmonyOS Sans SC font
2023-11-27 07:39:16.111502[Thread 0x00000001e342dec0]:Use system font instead: .AppleSystemUIFont
2023-11-27 07:39:16.111533[Thread 0x00000001e342dec0]:Can't find HarmonyOS Sans SC font
2023-11-27 07:39:16.111542[Thread 0x00000001e342dec0]:Use system font instead: .AppleSystemUIFont
2023-11-27 07:39:16.111553[Thread 0x00000001e342dec0]:Can't find HarmonyOS Sans SC font
2023-11-27 07:39:16.111562[Thread 0x00000001e342dec0]:Use system font instead: .AppleSystemUIFont
2023-11-27 07:39:16.111663[Thread 0x00000001e342dec0]:Can't find HarmonyOS Sans SC font
2023-11-27 07:39:16.111675[Thread 0x00000001e342dec0]:Use system font instead: .AppleSystemUIFont
2023-11-27 07:39:16.111732[Thread 0x00000001e342dec0]:Can't find HarmonyOS Sans SC font
2023-11-27 07:39:16.111743[Thread 0x00000001e342dec0]:Use system font instead: .AppleSystemUIFont
2023-11-27 07:39:16.111755[Thread 0x00000001e342dec0]:Can't find HarmonyOS Sans SC font
2023-11-27 07:39:16.111789[Thread 0x00000001e342dec0]:Use system font instead: .AppleSystemUIFont
2023-11-27 07:39:16.111812[Thread 0x00000001e342dec0]:Can't find HarmonyOS Sans SC font
2023-11-27 07:39:16.111821[Thread 0x00000001e342dec0]:Use system font instead: .AppleSystemUIFont
2023-11-27 07:39:16.111832[Thread 0x00000001e342dec0]:Can't find HarmonyOS Sans SC font
2023-11-27 07:39:16.111841[Thread 0x00000001e342dec0]:Use system font instead: .AppleSystemUIFont
2023-11-27 07:39:16.111853[Thread 0x00000001e342dec0]:Can't find HarmonyOS Sans SC font
2023-11-27 07:39:16.111862[Thread 0x00000001e342dec0]:Use system font instead: .AppleSystemUIFont
2023-11-27 07:39:16.111881[Thread 0x00000001e342dec0]:Can't find HarmonyOS Sans SC font
2023-11-27 07:39:16.111890[Thread 0x00000001e342dec0]:Use system font instead: .AppleSystemUIFont
2023-11-27 07:39:16.111900[Thread 0x00000001e342dec0]:Can't find HarmonyOS Sans SC font
2023-11-27 07:39:16.111909[Thread 0x00000001e342dec0]:Use system font instead: .AppleSystemUIFont
2023-11-27 07:39:16.112015[Thread 0x00000001e342dec0]:Can't find HarmonyOS Sans SC font
2023-11-27 07:39:16.112025[Thread 0x00000001e342dec0]:Use system font instead: .AppleSystemUIFont
2023-11-27 07:39:16.112088[Thread 0x00000001e342dec0]:Can't find HarmonyOS Sans SC font
2023-11-27 07:39:16.112098[Thread 0x00000001e342dec0]:Use system font instead: .AppleSystemUIFont
2023-11-27 07:39:16.112212[Thread 0x00000001e342dec0]:Can't find HarmonyOS Sans SC font
2023-11-27 07:39:16.112223[Thread 0x00000001e342dec0]:Use system font instead: .AppleSystemUIFont
2023-11-27 07:39:16.112235[Thread 0x00000001e342dec0]:Can't find HarmonyOS Sans SC font
2023-11-27 07:39:16.112244[Thread 0x00000001e342dec0]:Use system font instead: .AppleSystemUIFont
2023-11-27 07:39:16.112263[Thread 0x00000001e342dec0]:Can't find HarmonyOS Sans SC font
2023-11-27 07:39:16.112272[Thread 0x00000001e342dec0]:Use system font instead: .AppleSystemUIFont
2023-11-27 07:39:16.112282[Thread 0x00000001e342dec0]:Can't find HarmonyOS Sans SC font
2023-11-27 07:39:16.112291[Thread 0x00000001e342dec0]:Use system font instead: .AppleSystemUIFont
2023-11-27 07:39:16.112302[Thread 0x00000001e342dec0]:Can't find HarmonyOS Sans SC font
2023-11-27 07:39:16.112311[Thread 0x00000001e342dec0]:Use system font instead: .AppleSystemUIFont
2023-11-27 07:39:16.112329[Thread 0x00000001e342dec0]:Can't find HarmonyOS Sans SC font
2023-11-27 07:39:16.112338[Thread 0x00000001e342dec0]:Use system font instead: .AppleSystemUIFont
2023-11-27 07:39:16.112349[Thread 0x00000001e342dec0]:Can't find HarmonyOS Sans SC font
2023-11-27 07:39:16.112357[Thread 0x00000001e342dec0]:Use system font instead: .AppleSystemUIFont
2023-11-27 07:39:16.112424[Thread 0x00000001e342dec0]:Can't find HarmonyOS Sans SC font
2023-11-27 07:39:16.112435[Thread 0x00000001e342dec0]:Use system font instead: .AppleSystemUIFont
2023-11-27 07:39:16.112451[Thread 0x00000001e342dec0]:Can't find HarmonyOS Sans SC font
2023-11-27 07:39:16.112460[Thread 0x00000001e342dec0]:Use system font instead: .AppleSystemUIFont
2023-11-27 07:39:16.112514[Thread 0x00000001e342dec0]:Can't find HarmonyOS Sans SC font
2023-11-27 07:39:16.112525[Thread 0x00000001e342dec0]:Use system font instead: .AppleSystemUIFont
2023-11-27 07:39:16.118330[Thread 0x00000001e342dec0]:Can't find HarmonyOS Sans SC font
2023-11-27 07:39:16.118357[Thread 0x00000001e342dec0]:Use system font instead: .AppleSystemUIFont
2023-11-27 07:39:16.118380[Thread 0x00000001e342dec0]:Can't find HarmonyOS Sans SC font
2023-11-27 07:39:16.118392[Thread 0x00000001e342dec0]:Use system font instead: .AppleSystemUIFont
2023-11-27 07:39:16.118420[Thread 0x00000001e342dec0]:Can't find HarmonyOS Sans SC font
2023-11-27 07:39:16.118431[Thread 0x00000001e342dec0]:Use system font instead: .AppleSystemUIFont
2023-11-27 07:39:16.118444[Thread 0x00000001e342dec0]:Can't find HarmonyOS Sans SC font
2023-11-27 07:39:16.118453[Thread 0x00000001e342dec0]:Use system font instead: .AppleSystemUIFont
2023-11-27 07:39:16.118465[Thread 0x00000001e342dec0]:Can't find HarmonyOS Sans SC font
2023-11-27 07:39:16.118500[Thread 0x00000001e342dec0]:Use system font instead: .AppleSystemUIFont
2023-11-27 07:39:16.118524[Thread 0x00000001e342dec0]:Can't find HarmonyOS Sans SC font
2023-11-27 07:39:16.118533[Thread 0x00000001e342dec0]:Use system font instead: .AppleSystemUIFont
2023-11-27 07:39:16.118545[Thread 0x00000001e342dec0]:Can't find HarmonyOS Sans SC font
2023-11-27 07:39:16.118554[Thread 0x00000001e342dec0]:Use system font instead: .AppleSystemUIFont
2023-11-27 07:39:16.118641[Thread 0x00000001e342dec0]:Can't find HarmonyOS Sans SC font
2023-11-27 07:39:16.118652[Thread 0x00000001e342dec0]:Use system font instead: .AppleSystemUIFont
2023-11-27 07:39:16.118745[Thread 0x00000001e342dec0]:Can't find HarmonyOS Sans SC font
2023-11-27 07:39:16.118756[Thread 0x00000001e342dec0]:Use system font instead: .AppleSystemUIFont
2023-11-27 07:39:16.118768[Thread 0x00000001e342dec0]:Can't find HarmonyOS Sans SC font
2023-11-27 07:39:16.118777[Thread 0x00000001e342dec0]:Use system font instead: .AppleSystemUIFont
2023-11-27 07:39:16.118795[Thread 0x00000001e342dec0]:Can't find HarmonyOS Sans SC font
2023-11-27 07:39:16.118805[Thread 0x00000001e342dec0]:Use system font instead: .AppleSystemUIFont
2023-11-27 07:39:16.118815[Thread 0x00000001e342dec0]:Can't find HarmonyOS Sans SC font
2023-11-27 07:39:16.118824[Thread 0x00000001e342dec0]:Use system font instead: .AppleSystemUIFont
2023-11-27 07:39:16.118835[Thread 0x00000001e342dec0]:Can't find HarmonyOS Sans SC font
2023-11-27 07:39:16.118844[Thread 0x00000001e342dec0]:Use system font instead: .AppleSystemUIFont
2023-11-27 07:39:16.118862[Thread 0x00000001e342dec0]:Can't find HarmonyOS Sans SC font
2023-11-27 07:39:16.118871[Thread 0x00000001e342dec0]:Use system font instead: .AppleSystemUIFont
2023-11-27 07:39:16.118882[Thread 0x00000001e342dec0]:Can't find HarmonyOS Sans SC font
2023-11-27 07:39:16.118890[Thread 0x00000001e342dec0]:Use system font instead: .AppleSystemUIFont
2023-11-27 07:39:16.118960[Thread 0x00000001e342dec0]:Can't find HarmonyOS Sans SC font
2023-11-27 07:39:16.118971[Thread 0x00000001e342dec0]:Use system font instead: .AppleSystemUIFont
2023-11-27 07:39:16.119022[Thread 0x00000001e342dec0]:Can't find HarmonyOS Sans SC font
2023-11-27 07:39:16.119032[Thread 0x00000001e342dec0]:Use system font instead: .AppleSystemUIFont
2023-11-27 07:39:16.119109[Thread 0x00000001e342dec0]:Can't find HarmonyOS Sans SC font
2023-11-27 07:39:16.119120[Thread 0x00000001e342dec0]:Use system font instead: .AppleSystemUIFont
2023-11-27 07:39:16.119132[Thread 0x00000001e342dec0]:Can't find HarmonyOS Sans SC font
2023-11-27 07:39:16.119141[Thread 0x00000001e342dec0]:Use system font instead: .AppleSystemUIFont
2023-11-27 07:39:16.119159[Thread 0x00000001e342dec0]:Can't find HarmonyOS Sans SC font
2023-11-27 07:39:16.119168[Thread 0x00000001e342dec0]:Use system font instead: .AppleSystemUIFont
2023-11-27 07:39:16.119179[Thread 0x00000001e342dec0]:Can't find HarmonyOS Sans SC font
2023-11-27 07:39:16.119187[Thread 0x00000001e342dec0]:Use system font instead: .AppleSystemUIFont
2023-11-27 07:39:16.119199[Thread 0x00000001e342dec0]:Can't find HarmonyOS Sans SC font
2023-11-27 07:39:16.119207[Thread 0x00000001e342dec0]:Use system font instead: .AppleSystemUIFont
2023-11-27 07:39:16.119225[Thread 0x00000001e342dec0]:Can't find HarmonyOS Sans SC font
2023-11-27 07:39:16.119234[Thread 0x00000001e342dec0]:Use system font instead: .AppleSystemUIFont
2023-11-27 07:39:16.119244[Thread 0x00000001e342dec0]:Can't find HarmonyOS Sans SC font
2023-11-27 07:39:16.119252[Thread 0x00000001e342dec0]:Use system font instead: .AppleSystemUIFont
2023-11-27 07:39:16.119306[Thread 0x00000001e342dec0]:Can't find HarmonyOS Sans SC font
2023-11-27 07:39:16.119316[Thread 0x00000001e342dec0]:Use system font instead: .AppleSystemUIFont
2023-11-27 07:39:16.119335[Thread 0x00000001e342dec0]:Can't find HarmonyOS Sans SC font
2023-11-27 07:39:16.119345[Thread 0x00000001e342dec0]:Use system font instead: .AppleSystemUIFont
2023-11-27 07:39:16.119392[Thread 0x00000001e342dec0]:Can't find HarmonyOS Sans SC font
2023-11-27 07:39:16.119415[Thread 0x00000001e342dec0]:Use system font instead: .AppleSystemUIFont
2023-11-27 07:39:16.119485[Thread 0x00000001e342dec0]:Can't find HarmonyOS Sans SC font
2023-11-27 07:39:16.119496[Thread 0x00000001e342dec0]:Use system font instead: .AppleSystemUIFont
2023-11-27 07:39:16.119506[Thread 0x00000001e342dec0]:Can't find HarmonyOS Sans SC font
2023-11-27 07:39:16.119515[Thread 0x00000001e342dec0]:Use system font instead: .AppleSystemUIFont
2023-11-27 07:39:16.119533[Thread 0x00000001e342dec0]:Can't find HarmonyOS Sans SC font
2023-11-27 07:39:16.119542[Thread 0x00000001e342dec0]:Use system font instead: .AppleSystemUIFont
2023-11-27 07:39:16.119553[Thread 0x00000001e342dec0]:Can't find HarmonyOS Sans SC font
2023-11-27 07:39:16.119561[Thread 0x00000001e342dec0]:Use system font instead: .AppleSystemUIFont
2023-11-27 07:39:16.119572[Thread 0x00000001e342dec0]:Can't find HarmonyOS Sans SC font
2023-11-27 07:39:16.119581[Thread 0x00000001e342dec0]:Use system font instead: .AppleSystemUIFont
2023-11-27 07:39:16.119598[Thread 0x00000001e342dec0]:Can't find HarmonyOS Sans SC font
2023-11-27 07:39:16.119607[Thread 0x00000001e342dec0]:Use system font instead: .AppleSystemUIFont
2023-11-27 07:39:16.119617[Thread 0x00000001e342dec0]:Can't find HarmonyOS Sans SC font
2023-11-27 07:39:16.119626[Thread 0x00000001e342dec0]:Use system font instead: .AppleSystemUIFont
2023-11-27 07:39:16.119680[Thread 0x00000001e342dec0]:Can't find HarmonyOS Sans SC font
2023-11-27 07:39:16.119690[Thread 0x00000001e342dec0]:Use system font instead: .AppleSystemUIFont
2023-11-27 07:39:16.119708[Thread 0x00000001e342dec0]:Can't find HarmonyOS Sans SC font
2023-11-27 07:39:16.119717[Thread 0x00000001e342dec0]:Use system font instead: .AppleSystemUIFont
2023-11-27 07:39:16.119733[Thread 0x00000001e342dec0]:Can't find HarmonyOS Sans SC font
2023-11-27 07:39:16.119742[Thread 0x00000001e342dec0]:Use system font instead: .AppleSystemUIFont
2023-11-27 07:39:16.119788[Thread 0x00000001e342dec0]:Can't find HarmonyOS Sans SC font
2023-11-27 07:39:16.119798[Thread 0x00000001e342dec0]:Use system font instead: .AppleSystemUIFont
2023-11-27 07:39:16.119865[Thread 0x00000001e342dec0]:Can't find HarmonyOS Sans SC font
2023-11-27 07:39:16.119876[Thread 0x00000001e342dec0]:Use system font instead: .AppleSystemUIFont
2023-11-27 07:39:16.119887[Thread 0x00000001e342dec0]:Can't find HarmonyOS Sans SC font
2023-11-27 07:39:16.119895[Thread 0x00000001e342dec0]:Use system font instead: .AppleSystemUIFont
2023-11-27 07:39:16.119913[Thread 0x00000001e342dec0]:Can't find HarmonyOS Sans SC font
2023-11-27 07:39:16.119922[Thread 0x00000001e342dec0]:Use system font instead: .AppleSystemUIFont
2023-11-27 07:39:16.119932[Thread 0x00000001e342dec0]:Can't find HarmonyOS Sans SC font
2023-11-27 07:39:16.119941[Thread 0x00000001e342dec0]:Use system font instead: .AppleSystemUIFont
2023-11-27 07:39:16.119951[Thread 0x00000001e342dec0]:Can't find HarmonyOS Sans SC font
2023-11-27 07:39:16.119960[Thread 0x00000001e342dec0]:Use system font instead: .AppleSystemUIFont
2023-11-27 07:39:16.119977[Thread 0x00000001e342dec0]:Can't find HarmonyOS Sans SC font
2023-11-27 07:39:16.119986[Thread 0x00000001e342dec0]:Use system font instead: .AppleSystemUIFont
2023-11-27 07:39:16.119996[Thread 0x00000001e342dec0]:Can't find HarmonyOS Sans SC font
2023-11-27 07:39:16.120005[Thread 0x00000001e342dec0]:Use system font instead: .AppleSystemUIFont
2023-11-27 07:39:16.120057[Thread 0x00000001e342dec0]:Can't find HarmonyOS Sans SC font
2023-11-27 07:39:16.120070[Thread 0x00000001e342dec0]:Use system font instead: .AppleSystemUIFont
2023-11-27 07:39:16.120088[Thread 0x00000001e342dec0]:Can't find HarmonyOS Sans SC font
2023-11-27 07:39:16.120103[Thread 0x00000001e342dec0]:Use system font instead: .AppleSystemUIFont
2023-11-27 07:39:16.120119[Thread 0x00000001e342dec0]:Can't find HarmonyOS Sans SC font
2023-11-27 07:39:16.120128[Thread 0x00000001e342dec0]:Use system font instead: .AppleSystemUIFont
2023-11-27 07:39:16.120143[Thread 0x00000001e342dec0]:Can't find HarmonyOS Sans SC font
2023-11-27 07:39:16.120166[Thread 0x00000001e342dec0]:Use system font instead: .AppleSystemUIFont
2023-11-27 07:39:16.120212[Thread 0x00000001e342dec0]:Can't find HarmonyOS Sans SC font
2023-11-27 07:39:16.120222[Thread 0x00000001e342dec0]:Use system font instead: .AppleSystemUIFont
2023-11-27 07:39:16.120299[Thread 0x00000001e342dec0]:Can't find HarmonyOS Sans SC font
2023-11-27 07:39:16.120309[Thread 0x00000001e342dec0]:Use system font instead: .AppleSystemUIFont
2023-11-27 07:39:16.120321[Thread 0x00000001e342dec0]:Can't find HarmonyOS Sans SC font
2023-11-27 07:39:16.120329[Thread 0x00000001e342dec0]:Use system font instead: .AppleSystemUIFont
2023-11-27 07:39:16.120347[Thread 0x00000001e342dec0]:Can't find HarmonyOS Sans SC font
2023-11-27 07:39:16.120356[Thread 0x00000001e342dec0]:Use system font instead: .AppleSystemUIFont
2023-11-27 07:39:16.120366[Thread 0x00000001e342dec0]:Can't find HarmonyOS Sans SC font
2023-11-27 07:39:16.120375[Thread 0x00000001e342dec0]:Use system font instead: .AppleSystemUIFont
2023-11-27 07:39:16.120386[Thread 0x00000001e342dec0]:Can't find HarmonyOS Sans SC font
2023-11-27 07:39:16.120394[Thread 0x00000001e342dec0]:Use system font instead: .AppleSystemUIFont
2023-11-27 07:39:16.120416[Thread 0x00000001e342dec0]:Can't find HarmonyOS Sans SC font
2023-11-27 07:39:16.120425[Thread 0x00000001e342dec0]:Use system font instead: .AppleSystemUIFont
2023-11-27 07:39:16.120435[Thread 0x00000001e342dec0]:Can't find HarmonyOS Sans SC font
2023-11-27 07:39:16.120443[Thread 0x00000001e342dec0]:Use system font instead: .AppleSystemUIFont
2023-11-27 07:39:16.120497[Thread 0x00000001e342dec0]:Can't find HarmonyOS Sans SC font
2023-11-27 07:39:16.120508[Thread 0x00000001e342dec0]:Use system font instead: .AppleSystemUIFont
2023-11-27 07:39:16.120526[Thread 0x00000001e342dec0]:Can't find HarmonyOS Sans SC font
2023-11-27 07:39:16.120535[Thread 0x00000001e342dec0]:Use system font instead: .AppleSystemUIFont
2023-11-27 07:39:16.120551[Thread 0x00000001e342dec0]:Can't find HarmonyOS Sans SC font
2023-11-27 07:39:16.120560[Thread 0x00000001e342dec0]:Use system font instead: .AppleSystemUIFont
2023-11-27 07:39:16.120575[Thread 0x00000001e342dec0]:Can't find HarmonyOS Sans SC font
2023-11-27 07:39:16.120584[Thread 0x00000001e342dec0]:Use system font instead: .AppleSystemUIFont
2023-11-27 07:39:16.120599[Thread 0x00000001e342dec0]:Can't find HarmonyOS Sans SC font
2023-11-27 07:39:16.120608[Thread 0x00000001e342dec0]:Use system font instead: .AppleSystemUIFont
2023-11-27 07:39:16.120652[Thread 0x00000001e342dec0]:Can't find HarmonyOS Sans SC font
2023-11-27 07:39:16.120662[Thread 0x00000001e342dec0]:Use system font instead: .AppleSystemUIFont
2023-11-27 07:39:16.120741[Thread 0x00000001e342dec0]:Can't find HarmonyOS Sans SC font
2023-11-27 07:39:16.120751[Thread 0x00000001e342dec0]:Use system font instead: .AppleSystemUIFont
2023-11-27 07:39:16.120762[Thread 0x00000001e342dec0]:Can't find HarmonyOS Sans SC font
2023-11-27 07:39:16.120771[Thread 0x00000001e342dec0]:Use system font instead: .AppleSystemUIFont
2023-11-27 07:39:16.120788[Thread 0x00000001e342dec0]:Can't find HarmonyOS Sans SC font
2023-11-27 07:39:16.120797[Thread 0x00000001e342dec0]:Use system font instead: .AppleSystemUIFont
2023-11-27 07:39:16.120808[Thread 0x00000001e342dec0]:Can't find HarmonyOS Sans SC font
2023-11-27 07:39:16.120816[Thread 0x00000001e342dec0]:Use system font instead: .AppleSystemUIFont
2023-11-27 07:39:16.120827[Thread 0x00000001e342dec0]:Can't find HarmonyOS Sans SC font
2023-11-27 07:39:16.120836[Thread 0x00000001e342dec0]:Use system font instead: .AppleSystemUIFont
2023-11-27 07:39:16.120853[Thread 0x00000001e342dec0]:Can't find HarmonyOS Sans SC font
2023-11-27 07:39:16.120862[Thread 0x00000001e342dec0]:Use system font instead: .AppleSystemUIFont
2023-11-27 07:39:16.120872[Thread 0x00000001e342dec0]:Can't find HarmonyOS Sans SC font
2023-11-27 07:39:16.120881[Thread 0x00000001e342dec0]:Use system font instead: .AppleSystemUIFont
2023-11-27 07:39:16.120937[Thread 0x00000001e342dec0]:Can't find HarmonyOS Sans SC font
2023-11-27 07:39:16.120960[Thread 0x00000001e342dec0]:Use system font instead: .AppleSystemUIFont
2023-11-27 07:39:16.120978[Thread 0x00000001e342dec0]:Can't find HarmonyOS Sans SC font
2023-11-27 07:39:16.120987[Thread 0x00000001e342dec0]:Use system font instead: .AppleSystemUIFont
2023-11-27 07:39:16.121002[Thread 0x00000001e342dec0]:Can't find HarmonyOS Sans SC font
2023-11-27 07:39:16.121011[Thread 0x00000001e342dec0]:Use system font instead: .AppleSystemUIFont
2023-11-27 07:39:16.121026[Thread 0x00000001e342dec0]:Can't find HarmonyOS Sans SC font
2023-11-27 07:39:16.121035[Thread 0x00000001e342dec0]:Use system font instead: .AppleSystemUIFont
2023-11-27 07:39:16.121050[Thread 0x00000001e342dec0]:Can't find HarmonyOS Sans SC font
2023-11-27 07:39:16.121059[Thread 0x00000001e342dec0]:Use system font instead: .AppleSystemUIFont
2023-11-27 07:39:16.121074[Thread 0x00000001e342dec0]:Can't find HarmonyOS Sans SC font
2023-11-27 07:39:16.121083[Thread 0x00000001e342dec0]:Use system font instead: .AppleSystemUIFont
2023-11-27 07:39:16.121128[Thread 0x00000001e342dec0]:Can't find HarmonyOS Sans SC font
2023-11-27 07:39:16.121138[Thread 0x00000001e342dec0]:Use system font instead: .AppleSystemUIFont
2023-11-27 07:39:16.130735[Thread 0x00000001e342dec0]:CreateWebView: file:/Applications/OrcaSlicer.app/Contents/Resources/web/homepage/index.html?lang=en_US
2023-11-27 07:39:16.198412[Thread 0x00000001e342dec0]:Can't find HarmonyOS Sans SC font
2023-11-27 07:39:16.198441[Thread 0x00000001e342dec0]:Use system font instead: .AppleSystemUIFont
2023-11-27 07:39:16.203070[Thread 0x00000001e342dec0]:Can't find HarmonyOS Sans SC font
2023-11-27 07:39:16.203091[Thread 0x00000001e342dec0]:Use system font instead: .AppleSystemUIFont
2023-11-27 07:39:16.203112[Thread 0x00000001e342dec0]:Can't find HarmonyOS Sans SC font
2023-11-27 07:39:16.203123[Thread 0x00000001e342dec0]:Use system font instead: .AppleSystemUIFont
2023-11-27 07:39:16.203166[Thread 0x00000001e342dec0]:Can't find HarmonyOS Sans SC font
2023-11-27 07:39:16.203176[Thread 0x00000001e342dec0]:Use system font instead: .AppleSystemUIFont
2023-11-27 07:39:16.203189[Thread 0x00000001e342dec0]:Can't find HarmonyOS Sans SC font
2023-11-27 07:39:16.203198[Thread 0x00000001e342dec0]:Use system font instead: .AppleSystemUIFont
2023-11-27 07:39:16.203209[Thread 0x00000001e342dec0]:Can't find HarmonyOS Sans SC font
2023-11-27 07:39:16.203218[Thread 0x00000001e342dec0]:Use system font instead: .AppleSystemUIFont
2023-11-27 07:39:16.203240[Thread 0x00000001e342dec0]:Can't find HarmonyOS Sans SC font
2023-11-27 07:39:16.203249[Thread 0x00000001e342dec0]:Use system font instead: .AppleSystemUIFont
2023-11-27 07:39:16.203259[Thread 0x00000001e342dec0]:Can't find HarmonyOS Sans SC font
2023-11-27 07:39:16.203268[Thread 0x00000001e342dec0]:Use system font instead: .AppleSystemUIFont
2023-11-27 07:39:16.203385[Thread 0x00000001e342dec0]:Can't find HarmonyOS Sans SC font
2023-11-27 07:39:16.203396[Thread 0x00000001e342dec0]:Use system font instead: .AppleSystemUIFont
2023-11-27 07:39:16.203501[Thread 0x00000001e342dec0]:Can't find HarmonyOS Sans SC font
2023-11-27 07:39:16.203512[Thread 0x00000001e342dec0]:Use system font instead: .AppleSystemUIFont
2023-11-27 07:39:16.203523[Thread 0x00000001e342dec0]:Can't find HarmonyOS Sans SC font
2023-11-27 07:39:16.203532[Thread 0x00000001e342dec0]:Use system font instead: .AppleSystemUIFont
2023-11-27 07:39:16.203551[Thread 0x00000001e342dec0]:Can't find HarmonyOS Sans SC font
2023-11-27 07:39:16.203560[Thread 0x00000001e342dec0]:Use system font instead: .AppleSystemUIFont
2023-11-27 07:39:16.203571[Thread 0x00000001e342dec0]:Can't find HarmonyOS Sans SC font
2023-11-27 07:39:16.203579[Thread 0x00000001e342dec0]:Use system font instead: .AppleSystemUIFont
2023-11-27 07:39:16.203590[Thread 0x00000001e342dec0]:Can't find HarmonyOS Sans SC font
2023-11-27 07:39:16.203598[Thread 0x00000001e342dec0]:Use system font instead: .AppleSystemUIFont
2023-11-27 07:39:16.203616[Thread 0x00000001e342dec0]:Can't find HarmonyOS Sans SC font
2023-11-27 07:39:16.203625[Thread 0x00000001e342dec0]:Use system font instead: .AppleSystemUIFont
2023-11-27 07:39:16.204646[Thread 0x00000001e342dec0]:Can't find HarmonyOS Sans SC font
2023-11-27 07:39:16.204660[Thread 0x00000001e342dec0]:Use system font instead: .AppleSystemUIFont
2023-11-27 07:39:16.204740[Thread 0x00000001e342dec0]:Can't find HarmonyOS Sans SC font
2023-11-27 07:39:16.204753[Thread 0x00000001e342dec0]:Use system font instead: .AppleSystemUIFont
2023-11-27 07:39:16.204814[Thread 0x00000001e342dec0]:Can't find HarmonyOS Sans SC font
2023-11-27 07:39:16.204826[Thread 0x00000001e342dec0]:Use system font instead: .AppleSystemUIFont
2023-11-27 07:39:16.204934[Thread 0x00000001e342dec0]:Can't find HarmonyOS Sans SC font
2023-11-27 07:39:16.204945[Thread 0x00000001e342dec0]:Use system font instead: .AppleSystemUIFont
2023-11-27 07:39:16.204958[Thread 0x00000001e342dec0]:Can't find HarmonyOS Sans SC font
2023-11-27 07:39:16.204967[Thread 0x00000001e342dec0]:Use system font instead: .AppleSystemUIFont
2023-11-27 07:39:16.204989[Thread 0x00000001e342dec0]:Can't find HarmonyOS Sans SC font
2023-11-27 07:39:16.204999[Thread 0x00000001e342dec0]:Use system font instead: .AppleSystemUIFont
2023-11-27 07:39:16.205011[Thread 0x00000001e342dec0]:Can't find HarmonyOS Sans SC font
2023-11-27 07:39:16.205019[Thread 0x00000001e342dec0]:Use system font instead: .AppleSystemUIFont
2023-11-27 07:39:16.205031[Thread 0x00000001e342dec0]:Can't find HarmonyOS Sans SC font
2023-11-27 07:39:16.205040[Thread 0x00000001e342dec0]:Use system font instead: .AppleSystemUIFont
2023-11-27 07:39:16.205059[Thread 0x00000001e342dec0]:Can't find HarmonyOS Sans SC font
2023-11-27 07:39:16.205068[Thread 0x00000001e342dec0]:Use system font instead: .AppleSystemUIFont
2023-11-27 07:39:16.205079[Thread 0x00000001e342dec0]:Can't find HarmonyOS Sans SC font
2023-11-27 07:39:16.205087[Thread 0x00000001e342dec0]:Use system font instead: .AppleSystemUIFont
2023-11-27 07:39:16.205149[Thread 0x00000001e342dec0]:Can't find HarmonyOS Sans SC font
2023-11-27 07:39:16.205160[Thread 0x00000001e342dec0]:Use system font instead: .AppleSystemUIFont
2023-11-27 07:39:16.205179[Thread 0x00000001e342dec0]:Can't find HarmonyOS Sans SC font
2023-11-27 07:39:16.205189[Thread 0x00000001e342dec0]:Use system font instead: .AppleSystemUIFont
2023-11-27 07:39:16.205206[Thread 0x00000001e342dec0]:Can't find HarmonyOS Sans SC font
2023-11-27 07:39:16.205215[Thread 0x00000001e342dec0]:Use system font instead: .AppleSystemUIFont
2023-11-27 07:39:16.205264[Thread 0x00000001e342dec0]:Can't find HarmonyOS Sans SC font
2023-11-27 07:39:16.205275[Thread 0x00000001e342dec0]:Use system font instead: .AppleSystemUIFont
2023-11-27 07:39:16.205286[Thread 0x00000001e342dec0]:Can't find HarmonyOS Sans SC font
2023-11-27 07:39:16.205295[Thread 0x00000001e342dec0]:Use system font instead: .AppleSystemUIFont
2023-11-27 07:39:16.205313[Thread 0x00000001e342dec0]:Can't find HarmonyOS Sans SC font
2023-11-27 07:39:16.205322[Thread 0x00000001e342dec0]:Use system font instead: .AppleSystemUIFont
2023-11-27 07:39:16.205333[Thread 0x00000001e342dec0]:Can't find HarmonyOS Sans SC font
2023-11-27 07:39:16.205342[Thread 0x00000001e342dec0]:Use system font instead: .AppleSystemUIFont
2023-11-27 07:39:16.205353[Thread 0x00000001e342dec0]:Can't find HarmonyOS Sans SC font
2023-11-27 07:39:16.205361[Thread 0x00000001e342dec0]:Use system font instead: .AppleSystemUIFont
2023-11-27 07:39:16.205379[Thread 0x00000001e342dec0]:Can't find HarmonyOS Sans SC font
2023-11-27 07:39:16.205388[Thread 0x00000001e342dec0]:Use system font instead: .AppleSystemUIFont
2023-11-27 07:39:16.205398[Thread 0x00000001e342dec0]:Can't find HarmonyOS Sans SC font
2023-11-27 07:39:16.205407[Thread 0x00000001e342dec0]:Use system font instead: .AppleSystemUIFont
2023-11-27 07:39:16.205481[Thread 0x00000001e342dec0]:Can't find HarmonyOS Sans SC font
2023-11-27 07:39:16.205491[Thread 0x00000001e342dec0]:Use system font instead: .AppleSystemUIFont
2023-11-27 07:39:16.205509[Thread 0x00000001e342dec0]:Can't find HarmonyOS Sans SC font
2023-11-27 07:39:16.205518[Thread 0x00000001e342dec0]:Use system font instead: .AppleSystemUIFont
2023-11-27 07:39:16.205550[Thread 0x00000001e342dec0]:Can't find HarmonyOS Sans SC font
2023-11-27 07:39:16.205559[Thread 0x00000001e342dec0]:Use system font instead: .AppleSystemUIFont
2023-11-27 07:39:16.205575[Thread 0x00000001e342dec0]:Can't find HarmonyOS Sans SC font
2023-11-27 07:39:16.205584[Thread 0x00000001e342dec0]:Use system font instead: .AppleSystemUIFont
2023-11-27 07:39:16.205614[Thread 0x00000001e342dec0]:Can't find HarmonyOS Sans SC font
2023-11-27 07:39:16.205624[Thread 0x00000001e342dec0]:Use system font instead: .AppleSystemUIFont
2023-11-27 07:39:16.205635[Thread 0x00000001e342dec0]:Can't find HarmonyOS Sans SC font
2023-11-27 07:39:16.205643[Thread 0x00000001e342dec0]:Use system font instead: .AppleSystemUIFont
2023-11-27 07:39:16.205661[Thread 0x00000001e342dec0]:Can't find HarmonyOS Sans SC font
2023-11-27 07:39:16.205670[Thread 0x00000001e342dec0]:Use system font instead: .AppleSystemUIFont
2023-11-27 07:39:16.205680[Thread 0x00000001e342dec0]:Can't find HarmonyOS Sans SC font
2023-11-27 07:39:16.205689[Thread 0x00000001e342dec0]:Use system font instead: .AppleSystemUIFont
2023-11-27 07:39:16.205700[Thread 0x00000001e342dec0]:Can't find HarmonyOS Sans SC font
2023-11-27 07:39:16.205708[Thread 0x00000001e342dec0]:Use system font instead: .AppleSystemUIFont
2023-11-27 07:39:16.205726[Thread 0x00000001e342dec0]:Can't find HarmonyOS Sans SC font
2023-11-27 07:39:16.205734[Thread 0x00000001e342dec0]:Use system font instead: .AppleSystemUIFont
2023-11-27 07:39:16.205745[Thread 0x00000001e342dec0]:Can't find HarmonyOS Sans SC font
2023-11-27 07:39:16.205753[Thread 0x00000001e342dec0]:Use system font instead: .AppleSystemUIFont
2023-11-27 07:39:16.205811[Thread 0x00000001e342dec0]:Can't find HarmonyOS Sans SC font
2023-11-27 07:39:16.205821[Thread 0x00000001e342dec0]:Use system font instead: .AppleSystemUIFont
2023-11-27 07:39:16.205837[Thread 0x00000001e342dec0]:Can't find HarmonyOS Sans SC font
2023-11-27 07:39:16.205846[Thread 0x00000001e342dec0]:Use system font instead: .AppleSystemUIFont
2023-11-27 07:39:16.205862[Thread 0x00000001e342dec0]:Can't find HarmonyOS Sans SC font
2023-11-27 07:39:16.205871[Thread 0x00000001e342dec0]:Use system font instead: .AppleSystemUIFont
2023-11-27 07:39:16.205886[Thread 0x00000001e342dec0]:Can't find HarmonyOS Sans SC font
2023-11-27 07:39:16.205895[Thread 0x00000001e342dec0]:Use system font instead: .AppleSystemUIFont
2023-11-27 07:39:16.205910[Thread 0x00000001e342dec0]:Can't find HarmonyOS Sans SC font
2023-11-27 07:39:16.205919[Thread 0x00000001e342dec0]:Use system font instead: .AppleSystemUIFont
2023-11-27 07:39:16.205950[Thread 0x00000001e342dec0]:Can't find HarmonyOS Sans SC font
2023-11-27 07:39:16.205959[Thread 0x00000001e342dec0]:Use system font instead: .AppleSystemUIFont
2023-11-27 07:39:16.205970[Thread 0x00000001e342dec0]:Can't find HarmonyOS Sans SC font
2023-11-27 07:39:16.205978[Thread 0x00000001e342dec0]:Use system font instead: .AppleSystemUIFont
2023-11-27 07:39:16.205995[Thread 0x00000001e342dec0]:Can't find HarmonyOS Sans SC font
2023-11-27 07:39:16.206004[Thread 0x00000001e342dec0]:Use system font instead: .AppleSystemUIFont
2023-11-27 07:39:16.206015[Thread 0x00000001e342dec0]:Can't find HarmonyOS Sans SC font
2023-11-27 07:39:16.206023[Thread 0x00000001e342dec0]:Use system font instead: .AppleSystemUIFont
2023-11-27 07:39:16.206034[Thread 0x00000001e342dec0]:Can't find HarmonyOS Sans SC font
2023-11-27 07:39:16.206042[Thread 0x00000001e342dec0]:Use system font instead: .AppleSystemUIFont
2023-11-27 07:39:16.206059[Thread 0x00000001e342dec0]:Can't find HarmonyOS Sans SC font
2023-11-27 07:39:16.206068[Thread 0x00000001e342dec0]:Use system font instead: .AppleSystemUIFont
2023-11-27 07:39:16.206078[Thread 0x00000001e342dec0]:Can't find HarmonyOS Sans SC font
2023-11-27 07:39:16.206087[Thread 0x00000001e342dec0]:Use system font instead: .AppleSystemUIFont
2023-11-27 07:39:16.206144[Thread 0x00000001e342dec0]:Can't find HarmonyOS Sans SC font
2023-11-27 07:39:16.206154[Thread 0x00000001e342dec0]:Use system font instead: .AppleSystemUIFont
2023-11-27 07:39:16.206183[Thread 0x00000001e342dec0]:Can't find HarmonyOS Sans SC font
2023-11-27 07:39:16.206193[Thread 0x00000001e342dec0]:Use system font instead: .AppleSystemUIFont
2023-11-27 07:39:16.206208[Thread 0x00000001e342dec0]:Can't find HarmonyOS Sans SC font
2023-11-27 07:39:16.206217[Thread 0x00000001e342dec0]:Use system font instead: .AppleSystemUIFont
2023-11-27 07:39:16.206232[Thread 0x00000001e342dec0]:Can't find HarmonyOS Sans SC font
2023-11-27 07:39:16.206241[Thread 0x00000001e342dec0]:Use system font instead: .AppleSystemUIFont
2023-11-27 07:39:16.206255[Thread 0x00000001e342dec0]:Can't find HarmonyOS Sans SC font
2023-11-27 07:39:16.206265[Thread 0x00000001e342dec0]:Use system font instead: .AppleSystemUIFont
2023-11-27 07:39:16.206279[Thread 0x00000001e342dec0]:Can't find HarmonyOS Sans SC font
2023-11-27 07:39:16.206289[Thread 0x00000001e342dec0]:Use system font instead: .AppleSystemUIFont
2023-11-27 07:39:16.206317[Thread 0x00000001e342dec0]:Can't find HarmonyOS Sans SC font
2023-11-27 07:39:16.206327[Thread 0x00000001e342dec0]:Use system font instead: .AppleSystemUIFont
2023-11-27 07:39:16.206340[Thread 0x00000001e342dec0]:Can't find HarmonyOS Sans SC font
2023-11-27 07:39:16.206348[Thread 0x00000001e342dec0]:Use system font instead: .AppleSystemUIFont
2023-11-27 07:39:16.206367[Thread 0x00000001e342dec0]:Can't find HarmonyOS Sans SC font
2023-11-27 07:39:16.206376[Thread 0x00000001e342dec0]:Use system font instead: .AppleSystemUIFont
2023-11-27 07:39:16.206387[Thread 0x00000001e342dec0]:Can't find HarmonyOS Sans SC font
2023-11-27 07:39:16.206396[Thread 0x00000001e342dec0]:Use system font instead: .AppleSystemUIFont
2023-11-27 07:39:16.206407[Thread 0x00000001e342dec0]:Can't find HarmonyOS Sans SC font
2023-11-27 07:39:16.206416[Thread 0x00000001e342dec0]:Use system font instead: .AppleSystemUIFont
2023-11-27 07:39:16.206434[Thread 0x00000001e342dec0]:Can't find HarmonyOS Sans SC font
2023-11-27 07:39:16.206442[Thread 0x00000001e342dec0]:Use system font instead: .AppleSystemUIFont
2023-11-27 07:39:16.206454[Thread 0x00000001e342dec0]:Can't find HarmonyOS Sans SC font
2023-11-27 07:39:16.206462[Thread 0x00000001e342dec0]:Use system font instead: .AppleSystemUIFont
2023-11-27 07:39:16.206521[Thread 0x00000001e342dec0]:Can't find HarmonyOS Sans SC font
2023-11-27 07:39:16.206531[Thread 0x00000001e342dec0]:Use system font instead: .AppleSystemUIFont
2023-11-27 07:39:16.206549[Thread 0x00000001e342dec0]:Can't find HarmonyOS Sans SC font
2023-11-27 07:39:16.206558[Thread 0x00000001e342dec0]:Use system font instead: .AppleSystemUIFont
2023-11-27 07:39:16.206574[Thread 0x00000001e342dec0]:Can't find HarmonyOS Sans SC font
2023-11-27 07:39:16.206583[Thread 0x00000001e342dec0]:Use system font instead: .AppleSystemUIFont
2023-11-27 07:39:16.206599[Thread 0x00000001e342dec0]:Can't find HarmonyOS Sans SC font
2023-11-27 07:39:16.206608[Thread 0x00000001e342dec0]:Use system font instead: .AppleSystemUIFont
2023-11-27 07:39:16.206624[Thread 0x00000001e342dec0]:Can't find HarmonyOS Sans SC font
