2023-12-01 08:47:30.714912[Thread 0x00000001e4281ec0]:gui mode, Current OrcaSlicer Version 1.8.0
2023-12-01 08:47:30.716537[Thread 0x00000001e4281ec0]:load_language: language , initial: 1
2023-12-01 08:47:30.716549[Thread 0x00000001e4281ec0]:language provided by OrcaSlicer.conf: en_GB
2023-12-01 08:47:30.733335[Thread 0x00000001e4281ec0]:Update_dark_mode_flag: switch the current dark mode status to 1 
2023-12-01 08:47:30.734242[Thread 0x00000001e4281ec0]:begin to show the splash screen...
2023-12-01 08:47:30.747103[Thread 0x00000001e4281ec0]:loading systen presets...
2023-12-01 08:47:30.747952[Thread 0x00000001e4281ec0]:[BBL Updater]:Checking whether the profile from resource is newer
2023-12-01 08:47:30.748057[Thread 0x00000001e4281ec0]:Installing 3 bundles from resources ...
2023-12-01 08:47:30.763169[Thread 0x00000001e4281ec0]:[BBL Updater]:Performing 12 updates
2023-12-01 08:47:30.763189[Thread 0x00000001e4281ec0]:	Update(/Applications/OrcaSlicer.app/Contents/Resources/profiles/Custom.json -> /Users/pato/Library/Application Support/OrcaSlicer/system/Custom.json)
2023-12-01 08:47:30.763828[Thread 0x00000001e4281ec0]:	Update(/Applications/OrcaSlicer.app/Contents/Resources/profiles/Custom/process -> /Users/pato/Library/Application Support/OrcaSlicer/system/Custom/process)
2023-12-01 08:47:30.763831[Thread 0x00000001e4281ec0]:copy_directory_recursively "/Applications/OrcaSlicer.app/Contents/Resources/profiles/Custom/process" -> "/Users/pato/Library/Application Support/OrcaSlicer/system/Custom/process"
2023-12-01 08:47:30.767349[Thread 0x00000001e4281ec0]:	Update(/Applications/OrcaSlicer.app/Contents/Resources/profiles/Custom/filament -> /Users/pato/Library/Application Support/OrcaSlicer/system/Custom/filament)
2023-12-01 08:47:30.767354[Thread 0x00000001e4281ec0]:copy_directory_recursively "/Applications/OrcaSlicer.app/Contents/Resources/profiles/Custom/filament" -> "/Users/pato/Library/Application Support/OrcaSlicer/system/Custom/filament"
2023-12-01 08:47:30.771524[Thread 0x00000001e4281ec0]:	Update(/Applications/OrcaSlicer.app/Contents/Resources/profiles/Custom/machine -> /Users/pato/Library/Application Support/OrcaSlicer/system/Custom/machine)
2023-12-01 08:47:30.771531[Thread 0x00000001e4281ec0]:copy_directory_recursively "/Applications/OrcaSlicer.app/Contents/Resources/profiles/Custom/machine" -> "/Users/pato/Library/Application Support/OrcaSlicer/system/Custom/machine"
2023-12-01 08:47:30.772993[Thread 0x00000001e4281ec0]:	Update(/Applications/OrcaSlicer.app/Contents/Resources/profiles/Voron.json -> /Users/pato/Library/Application Support/OrcaSlicer/system/Voron.json)
2023-12-01 08:47:30.773464[Thread 0x00000001e4281ec0]:	Update(/Applications/OrcaSlicer.app/Contents/Resources/profiles/Voron/process -> /Users/pato/Library/Application Support/OrcaSlicer/system/Voron/process)
2023-12-01 08:47:30.773467[Thread 0x00000001e4281ec0]:copy_directory_recursively "/Applications/OrcaSlicer.app/Contents/Resources/profiles/Voron/process" -> "/Users/pato/Library/Application Support/OrcaSlicer/system/Voron/process"
2023-12-01 08:47:30.781980[Thread 0x00000001e4281ec0]:	Update(/Applications/OrcaSlicer.app/Contents/Resources/profiles/Voron/filament -> /Users/pato/Library/Application Support/OrcaSlicer/system/Voron/filament)
2023-12-01 08:47:30.781987[Thread 0x00000001e4281ec0]:copy_directory_recursively "/Applications/OrcaSlicer.app/Contents/Resources/profiles/Voron/filament" -> "/Users/pato/Library/Application Support/OrcaSlicer/system/Voron/filament"
2023-12-01 08:47:30.785404[Thread 0x00000001e4281ec0]:	Update(/Applications/OrcaSlicer.app/Contents/Resources/profiles/Voron/machine -> /Users/pato/Library/Application Support/OrcaSlicer/system/Voron/machine)
2023-12-01 08:47:30.785413[Thread 0x00000001e4281ec0]:copy_directory_recursively "/Applications/OrcaSlicer.app/Contents/Resources/profiles/Voron/machine" -> "/Users/pato/Library/Application Support/OrcaSlicer/system/Voron/machine"
2023-12-01 08:47:30.796245[Thread 0x00000001e4281ec0]:	Update(/Applications/OrcaSlicer.app/Contents/Resources/profiles/Creality.json -> /Users/pato/Library/Application Support/OrcaSlicer/system/Creality.json)
2023-12-01 08:47:30.796600[Thread 0x00000001e4281ec0]:	Update(/Applications/OrcaSlicer.app/Contents/Resources/profiles/Creality/process -> /Users/pato/Library/Application Support/OrcaSlicer/system/Creality/process)
2023-12-01 08:47:30.796602[Thread 0x00000001e4281ec0]:copy_directory_recursively "/Applications/OrcaSlicer.app/Contents/Resources/profiles/Creality/process" -> "/Users/pato/Library/Application Support/OrcaSlicer/system/Creality/process"
2023-12-01 08:47:30.808999[Thread 0x00000001e4281ec0]:	Update(/Applications/OrcaSlicer.app/Contents/Resources/profiles/Creality/filament -> /Users/pato/Library/Application Support/OrcaSlicer/system/Creality/filament)
2023-12-01 08:47:30.809009[Thread 0x00000001e4281ec0]:copy_directory_recursively "/Applications/OrcaSlicer.app/Contents/Resources/profiles/Creality/filament" -> "/Users/pato/Library/Application Support/OrcaSlicer/system/Creality/filament"
2023-12-01 08:47:30.811273[Thread 0x00000001e4281ec0]:	Update(/Applications/OrcaSlicer.app/Contents/Resources/profiles/Creality/machine -> /Users/pato/Library/Application Support/OrcaSlicer/system/Creality/machine)
2023-12-01 08:47:30.811278[Thread 0x00000001e4281ec0]:copy_directory_recursively "/Applications/OrcaSlicer.app/Contents/Resources/profiles/Creality/machine" -> "/Users/pato/Library/Application Support/OrcaSlicer/system/Creality/machine"
2023-12-01 08:47:30.820419[Thread 0x00000001e4281ec0]:initialize_network_module, successfully loaded library /Users/pato/Library/Application Support/OrcaSlicer/plugins/libbambu_networking.dylib, module 0x8802c310
2023-12-01 08:47:30.820469[Thread 0x00000001e4281ec0]:get_network_function, can not find function bambu_network_get_profile_3mf
2023-12-01 08:47:30.820477[Thread 0x00000001e4281ec0]:on_init_network: on_init_network, load dll ok
2023-12-01 08:47:30.820479[Thread 0x00000001e4281ec0]:get_network_agent_version=01.07.07.07
2023-12-01 08:47:30.820480[Thread 0x00000001e4281ec0]:on_init_network: on_init_network, compatibility version
2023-12-01 08:47:30.822163[Thread 0x00000001e4281ec0]:on_init_network, create network agent...
2023-12-01 08:47:30.822246[Thread 0x00000001e4281ec0]:NetworkAgent, this 0x60000168e9b0, network_agent=0x60000168eb10, create_agent_ptr=1
2023-12-01 08:47:30.822372[Thread 0x00000001e4281ec0]:init_networking_callbacks: enter, m_agent=0x60000168e9b0
2023-12-01 08:47:30.822383[Thread 0x00000001e4281ec0]:init_networking_callbacks: exit, m_agent=0x60000168e9b0
2023-12-01 08:47:30.822700[Thread 0x00000001e4281ec0]:load_presets enter, substitution_rule 3, preferred printer_model_id 
2023-12-01 08:47:30.822792[Thread 0x00000001e4281ec0]:load_vendor_configs_from_json: parse /Users/pato/Library/Application Support/OrcaSlicer/system/Custom.json, got description:  "My configurations"
2023-12-01 08:47:30.827921[Thread 0x00000001e4281ec0]:load_vendor_configs_from_json: parse /Users/pato/Library/Application Support/OrcaSlicer/system/Voron.json, got description:  "Voron configurations"
2023-12-01 08:47:30.839594[Thread 0x00000001e4281ec0]:load_vendor_configs_from_json: parse /Users/pato/Library/Application Support/OrcaSlicer/system/Creality.json, got description:  "Creality configurations"
2023-12-01 08:47:30.861151[Thread 0x00000001e4281ec0]:update_compatibility for all presets enter
2023-12-01 08:47:30.861171[Thread 0x00000001e4281ec0]:update_compatibility for all presets exit
2023-12-01 08:47:30.861175[Thread 0x00000001e4281ec0]:update_compatibility for all presets enter
2023-12-01 08:47:30.861179[Thread 0x00000001e4281ec0]:update_compatibility for all presets exit
2023-12-01 08:47:30.861461[Thread 0x00000001e4281ec0]:update_compatibility for all presets enter
2023-12-01 08:47:30.861489[Thread 0x00000001e4281ec0]:update_compatibility for all presets exit
2023-12-01 08:47:30.861492[Thread 0x00000001e4281ec0]:load_presets finished, returned substitutions 0
2023-12-01 08:47:30.861500[Thread 0x00000001e4281ec0]:start_sync_service...
2023-12-01 08:47:30.861529[Thread 0x00000001e4281ec0]:create the main window
2023-12-01 08:47:30.903579[Thread 0x00000001e4281ec0]:Can't find HarmonyOS Sans SC font
2023-12-01 08:47:30.903649[Thread 0x00000001e4281ec0]:Use system font instead: .AppleSystemUIFont
2023-12-01 08:47:30.903680[Thread 0x00000001e4281ec0]:Can't find HarmonyOS Sans SC font
2023-12-01 08:47:30.903692[Thread 0x00000001e4281ec0]:Use system font instead: .AppleSystemUIFont
2023-12-01 08:47:30.903760[Thread 0x00000001e4281ec0]:Can't find HarmonyOS Sans SC font
2023-12-01 08:47:30.903772[Thread 0x00000001e4281ec0]:Use system font instead: .AppleSystemUIFont
2023-12-01 08:47:30.903789[Thread 0x00000001e4281ec0]:Can't find HarmonyOS Sans SC font
2023-12-01 08:47:30.903799[Thread 0x00000001e4281ec0]:Use system font instead: .AppleSystemUIFont
2023-12-01 08:47:30.903818[Thread 0x00000001e4281ec0]:Can't find HarmonyOS Sans SC font
2023-12-01 08:47:30.903831[Thread 0x00000001e4281ec0]:Use system font instead: .AppleSystemUIFont
2023-12-01 08:47:30.903863[Thread 0x00000001e4281ec0]:Can't find HarmonyOS Sans SC font
2023-12-01 08:47:30.903873[Thread 0x00000001e4281ec0]:Use system font instead: .AppleSystemUIFont
2023-12-01 08:47:30.903885[Thread 0x00000001e4281ec0]:Can't find HarmonyOS Sans SC font
2023-12-01 08:47:30.903894[Thread 0x00000001e4281ec0]:Use system font instead: .AppleSystemUIFont
2023-12-01 08:47:30.903995[Thread 0x00000001e4281ec0]:Can't find HarmonyOS Sans SC font
2023-12-01 08:47:30.904005[Thread 0x00000001e4281ec0]:Use system font instead: .AppleSystemUIFont
2023-12-01 08:47:30.904060[Thread 0x00000001e4281ec0]:Can't find HarmonyOS Sans SC font
2023-12-01 08:47:30.904071[Thread 0x00000001e4281ec0]:Use system font instead: .AppleSystemUIFont
2023-12-01 08:47:30.904082[Thread 0x00000001e4281ec0]:Can't find HarmonyOS Sans SC font
2023-12-01 08:47:30.904091[Thread 0x00000001e4281ec0]:Use system font instead: .AppleSystemUIFont
2023-12-01 08:47:30.904112[Thread 0x00000001e4281ec0]:Can't find HarmonyOS Sans SC font
2023-12-01 08:47:30.904121[Thread 0x00000001e4281ec0]:Use system font instead: .AppleSystemUIFont
2023-12-01 08:47:30.904132[Thread 0x00000001e4281ec0]:Can't find HarmonyOS Sans SC font
2023-12-01 08:47:30.904141[Thread 0x00000001e4281ec0]:Use system font instead: .AppleSystemUIFont
2023-12-01 08:47:30.904153[Thread 0x00000001e4281ec0]:Can't find HarmonyOS Sans SC font
2023-12-01 08:47:30.904161[Thread 0x00000001e4281ec0]:Use system font instead: .AppleSystemUIFont
2023-12-01 08:47:30.904180[Thread 0x00000001e4281ec0]:Can't find HarmonyOS Sans SC font
2023-12-01 08:47:30.904189[Thread 0x00000001e4281ec0]:Use system font instead: .AppleSystemUIFont
2023-12-01 08:47:30.904200[Thread 0x00000001e4281ec0]:Can't find HarmonyOS Sans SC font
2023-12-01 08:47:30.904208[Thread 0x00000001e4281ec0]:Use system font instead: .AppleSystemUIFont
2023-12-01 08:47:30.904312[Thread 0x00000001e4281ec0]:Can't find HarmonyOS Sans SC font
2023-12-01 08:47:30.904322[Thread 0x00000001e4281ec0]:Use system font instead: .AppleSystemUIFont
2023-12-01 08:47:30.904385[Thread 0x00000001e4281ec0]:Can't find HarmonyOS Sans SC font
2023-12-01 08:47:30.904395[Thread 0x00000001e4281ec0]:Use system font instead: .AppleSystemUIFont
2023-12-01 08:47:30.904507[Thread 0x00000001e4281ec0]:Can't find HarmonyOS Sans SC font
2023-12-01 08:47:30.904517[Thread 0x00000001e4281ec0]:Use system font instead: .AppleSystemUIFont
2023-12-01 08:47:30.904528[Thread 0x00000001e4281ec0]:Can't find HarmonyOS Sans SC font
2023-12-01 08:47:30.904537[Thread 0x00000001e4281ec0]:Use system font instead: .AppleSystemUIFont
2023-12-01 08:47:30.904556[Thread 0x00000001e4281ec0]:Can't find HarmonyOS Sans SC font
2023-12-01 08:47:30.904565[Thread 0x00000001e4281ec0]:Use system font instead: .AppleSystemUIFont
2023-12-01 08:47:30.904576[Thread 0x00000001e4281ec0]:Can't find HarmonyOS Sans SC font
2023-12-01 08:47:30.904584[Thread 0x00000001e4281ec0]:Use system font instead: .AppleSystemUIFont
2023-12-01 08:47:30.904596[Thread 0x00000001e4281ec0]:Can't find HarmonyOS Sans SC font
2023-12-01 08:47:30.904604[Thread 0x00000001e4281ec0]:Use system font instead: .AppleSystemUIFont
2023-12-01 08:47:30.904622[Thread 0x00000001e4281ec0]:Can't find HarmonyOS Sans SC font
2023-12-01 08:47:30.904645[Thread 0x00000001e4281ec0]:Use system font instead: .AppleSystemUIFont
2023-12-01 08:47:30.904657[Thread 0x00000001e4281ec0]:Can't find HarmonyOS Sans SC font
2023-12-01 08:47:30.904665[Thread 0x00000001e4281ec0]:Use system font instead: .AppleSystemUIFont
2023-12-01 08:47:30.904731[Thread 0x00000001e4281ec0]:Can't find HarmonyOS Sans SC font
2023-12-01 08:47:30.904742[Thread 0x00000001e4281ec0]:Use system font instead: .AppleSystemUIFont
2023-12-01 08:47:30.904759[Thread 0x00000001e4281ec0]:Can't find HarmonyOS Sans SC font
2023-12-01 08:47:30.904768[Thread 0x00000001e4281ec0]:Use system font instead: .AppleSystemUIFont
2023-12-01 08:47:30.904821[Thread 0x00000001e4281ec0]:Can't find HarmonyOS Sans SC font
2023-12-01 08:47:30.904832[Thread 0x00000001e4281ec0]:Use system font instead: .AppleSystemUIFont
2023-12-01 08:47:30.913508[Thread 0x00000001e4281ec0]:Can't find HarmonyOS Sans SC font
2023-12-01 08:47:30.913545[Thread 0x00000001e4281ec0]:Use system font instead: .AppleSystemUIFont
2023-12-01 08:47:30.913570[Thread 0x00000001e4281ec0]:Can't find HarmonyOS Sans SC font
2023-12-01 08:47:30.913582[Thread 0x00000001e4281ec0]:Use system font instead: .AppleSystemUIFont
2023-12-01 08:47:30.913611[Thread 0x00000001e4281ec0]:Can't find HarmonyOS Sans SC font
2023-12-01 08:47:30.913621[Thread 0x00000001e4281ec0]:Use system font instead: .AppleSystemUIFont
2023-12-01 08:47:30.913634[Thread 0x00000001e4281ec0]:Can't find HarmonyOS Sans SC font
2023-12-01 08:47:30.913643[Thread 0x00000001e4281ec0]:Use system font instead: .AppleSystemUIFont
2023-12-01 08:47:30.913655[Thread 0x00000001e4281ec0]:Can't find HarmonyOS Sans SC font
2023-12-01 08:47:30.913664[Thread 0x00000001e4281ec0]:Use system font instead: .AppleSystemUIFont
2023-12-01 08:47:30.913684[Thread 0x00000001e4281ec0]:Can't find HarmonyOS Sans SC font
2023-12-01 08:47:30.913694[Thread 0x00000001e4281ec0]:Use system font instead: .AppleSystemUIFont
2023-12-01 08:47:30.913704[Thread 0x00000001e4281ec0]:Can't find HarmonyOS Sans SC font
2023-12-01 08:47:30.913713[Thread 0x00000001e4281ec0]:Use system font instead: .AppleSystemUIFont
2023-12-01 08:47:30.913802[Thread 0x00000001e4281ec0]:Can't find HarmonyOS Sans SC font
2023-12-01 08:47:30.913814[Thread 0x00000001e4281ec0]:Use system font instead: .AppleSystemUIFont
2023-12-01 08:47:30.913915[Thread 0x00000001e4281ec0]:Can't find HarmonyOS Sans SC font
2023-12-01 08:47:30.913926[Thread 0x00000001e4281ec0]:Use system font instead: .AppleSystemUIFont
2023-12-01 08:47:30.913938[Thread 0x00000001e4281ec0]:Can't find HarmonyOS Sans SC font
2023-12-01 08:47:30.913947[Thread 0x00000001e4281ec0]:Use system font instead: .AppleSystemUIFont
2023-12-01 08:47:30.913966[Thread 0x00000001e4281ec0]:Can't find HarmonyOS Sans SC font
2023-12-01 08:47:30.913974[Thread 0x00000001e4281ec0]:Use system font instead: .AppleSystemUIFont
2023-12-01 08:47:30.913985[Thread 0x00000001e4281ec0]:Can't find HarmonyOS Sans SC font
2023-12-01 08:47:30.913993[Thread 0x00000001e4281ec0]:Use system font instead: .AppleSystemUIFont
2023-12-01 08:47:30.914004[Thread 0x00000001e4281ec0]:Can't find HarmonyOS Sans SC font
2023-12-01 08:47:30.914013[Thread 0x00000001e4281ec0]:Use system font instead: .AppleSystemUIFont
2023-12-01 08:47:30.914031[Thread 0x00000001e4281ec0]:Can't find HarmonyOS Sans SC font
2023-12-01 08:47:30.914039[Thread 0x00000001e4281ec0]:Use system font instead: .AppleSystemUIFont
2023-12-01 08:47:30.914050[Thread 0x00000001e4281ec0]:Can't find HarmonyOS Sans SC font
2023-12-01 08:47:30.914058[Thread 0x00000001e4281ec0]:Use system font instead: .AppleSystemUIFont
2023-12-01 08:47:30.914124[Thread 0x00000001e4281ec0]:Can't find HarmonyOS Sans SC font
2023-12-01 08:47:30.914135[Thread 0x00000001e4281ec0]:Use system font instead: .AppleSystemUIFont
2023-12-01 08:47:30.914185[Thread 0x00000001e4281ec0]:Can't find HarmonyOS Sans SC font
2023-12-01 08:47:30.914195[Thread 0x00000001e4281ec0]:Use system font instead: .AppleSystemUIFont
2023-12-01 08:47:30.914267[Thread 0x00000001e4281ec0]:Can't find HarmonyOS Sans SC font
2023-12-01 08:47:30.914307[Thread 0x00000001e4281ec0]:Use system font instead: .AppleSystemUIFont
2023-12-01 08:47:30.914319[Thread 0x00000001e4281ec0]:Can't find HarmonyOS Sans SC font
2023-12-01 08:47:30.914327[Thread 0x00000001e4281ec0]:Use system font instead: .AppleSystemUIFont
2023-12-01 08:47:30.914345[Thread 0x00000001e4281ec0]:Can't find HarmonyOS Sans SC font
2023-12-01 08:47:30.914354[Thread 0x00000001e4281ec0]:Use system font instead: .AppleSystemUIFont
2023-12-01 08:47:30.914364[Thread 0x00000001e4281ec0]:Can't find HarmonyOS Sans SC font
2023-12-01 08:47:30.914372[Thread 0x00000001e4281ec0]:Use system font instead: .AppleSystemUIFont
2023-12-01 08:47:30.914383[Thread 0x00000001e4281ec0]:Can't find HarmonyOS Sans SC font
2023-12-01 08:47:30.914392[Thread 0x00000001e4281ec0]:Use system font instead: .AppleSystemUIFont
2023-12-01 08:47:30.914408[Thread 0x00000001e4281ec0]:Can't find HarmonyOS Sans SC font
2023-12-01 08:47:30.914417[Thread 0x00000001e4281ec0]:Use system font instead: .AppleSystemUIFont
2023-12-01 08:47:30.914433[Thread 0x00000001e4281ec0]:Can't find HarmonyOS Sans SC font
2023-12-01 08:47:30.914442[Thread 0x00000001e4281ec0]:Use system font instead: .AppleSystemUIFont
2023-12-01 08:47:30.914503[Thread 0x00000001e4281ec0]:Can't find HarmonyOS Sans SC font
2023-12-01 08:47:30.914514[Thread 0x00000001e4281ec0]:Use system font instead: .AppleSystemUIFont
2023-12-01 08:47:30.914537[Thread 0x00000001e4281ec0]:Can't find HarmonyOS Sans SC font
2023-12-01 08:47:30.914547[Thread 0x00000001e4281ec0]:Use system font instead: .AppleSystemUIFont
2023-12-01 08:47:30.914598[Thread 0x00000001e4281ec0]:Can't find HarmonyOS Sans SC font
2023-12-01 08:47:30.914609[Thread 0x00000001e4281ec0]:Use system font instead: .AppleSystemUIFont
2023-12-01 08:47:30.914688[Thread 0x00000001e4281ec0]:Can't find HarmonyOS Sans SC font
2023-12-01 08:47:30.914701[Thread 0x00000001e4281ec0]:Use system font instead: .AppleSystemUIFont
2023-12-01 08:47:30.914719[Thread 0x00000001e4281ec0]:Can't find HarmonyOS Sans SC font
2023-12-01 08:47:30.914729[Thread 0x00000001e4281ec0]:Use system font instead: .AppleSystemUIFont
2023-12-01 08:47:30.914751[Thread 0x00000001e4281ec0]:Can't find HarmonyOS Sans SC font
2023-12-01 08:47:30.914760[Thread 0x00000001e4281ec0]:Use system font instead: .AppleSystemUIFont
2023-12-01 08:47:30.914771[Thread 0x00000001e4281ec0]:Can't find HarmonyOS Sans SC font
2023-12-01 08:47:30.914780[Thread 0x00000001e4281ec0]:Use system font instead: .AppleSystemUIFont
2023-12-01 08:47:30.914790[Thread 0x00000001e4281ec0]:Can't find HarmonyOS Sans SC font
2023-12-01 08:47:30.914799[Thread 0x00000001e4281ec0]:Use system font instead: .AppleSystemUIFont
2023-12-01 08:47:30.914816[Thread 0x00000001e4281ec0]:Can't find HarmonyOS Sans SC font
2023-12-01 08:47:30.914825[Thread 0x00000001e4281ec0]:Use system font instead: .AppleSystemUIFont
2023-12-01 08:47:30.914835[Thread 0x00000001e4281ec0]:Can't find HarmonyOS Sans SC font
2023-12-01 08:47:30.914843[Thread 0x00000001e4281ec0]:Use system font instead: .AppleSystemUIFont
2023-12-01 08:47:30.914897[Thread 0x00000001e4281ec0]:Can't find HarmonyOS Sans SC font
2023-12-01 08:47:30.914908[Thread 0x00000001e4281ec0]:Use system font instead: .AppleSystemUIFont
2023-12-01 08:47:30.914927[Thread 0x00000001e4281ec0]:Can't find HarmonyOS Sans SC font
2023-12-01 08:47:30.914936[Thread 0x00000001e4281ec0]:Use system font instead: .AppleSystemUIFont
2023-12-01 08:47:30.914952[Thread 0x00000001e4281ec0]:Can't find HarmonyOS Sans SC font
2023-12-01 08:47:30.914960[Thread 0x00000001e4281ec0]:Use system font instead: .AppleSystemUIFont
2023-12-01 08:47:30.915004[Thread 0x00000001e4281ec0]:Can't find HarmonyOS Sans SC font
2023-12-01 08:47:30.915015[Thread 0x00000001e4281ec0]:Use system font instead: .AppleSystemUIFont
2023-12-01 08:47:30.915085[Thread 0x00000001e4281ec0]:Can't find HarmonyOS Sans SC font
2023-12-01 08:47:30.915095[Thread 0x00000001e4281ec0]:Use system font instead: .AppleSystemUIFont
2023-12-01 08:47:30.915111[Thread 0x00000001e4281ec0]:Can't find HarmonyOS Sans SC font
2023-12-01 08:47:30.915136[Thread 0x00000001e4281ec0]:Use system font instead: .AppleSystemUIFont
2023-12-01 08:47:30.915158[Thread 0x00000001e4281ec0]:Can't find HarmonyOS Sans SC font
2023-12-01 08:47:30.915168[Thread 0x00000001e4281ec0]:Use system font instead: .AppleSystemUIFont
2023-12-01 08:47:30.915190[Thread 0x00000001e4281ec0]:Can't find HarmonyOS Sans SC font
2023-12-01 08:47:30.915199[Thread 0x00000001e4281ec0]:Use system font instead: .AppleSystemUIFont
2023-12-01 08:47:30.915216[Thread 0x00000001e4281ec0]:Can't find HarmonyOS Sans SC font
2023-12-01 08:47:30.915225[Thread 0x00000001e4281ec0]:Use system font instead: .AppleSystemUIFont
2023-12-01 08:47:30.915249[Thread 0x00000001e4281ec0]:Can't find HarmonyOS Sans SC font
2023-12-01 08:47:30.915258[Thread 0x00000001e4281ec0]:Use system font instead: .AppleSystemUIFont
2023-12-01 08:47:30.915270[Thread 0x00000001e4281ec0]:Can't find HarmonyOS Sans SC font
2023-12-01 08:47:30.915278[Thread 0x00000001e4281ec0]:Use system font instead: .AppleSystemUIFont
2023-12-01 08:47:30.915332[Thread 0x00000001e4281ec0]:Can't find HarmonyOS Sans SC font
2023-12-01 08:47:30.915342[Thread 0x00000001e4281ec0]:Use system font instead: .AppleSystemUIFont
2023-12-01 08:47:30.915360[Thread 0x00000001e4281ec0]:Can't find HarmonyOS Sans SC font
2023-12-01 08:47:30.915369[Thread 0x00000001e4281ec0]:Use system font instead: .AppleSystemUIFont
2023-12-01 08:47:30.915385[Thread 0x00000001e4281ec0]:Can't find HarmonyOS Sans SC font
2023-12-01 08:47:30.915393[Thread 0x00000001e4281ec0]:Use system font instead: .AppleSystemUIFont
2023-12-01 08:47:30.915408[Thread 0x00000001e4281ec0]:Can't find HarmonyOS Sans SC font
2023-12-01 08:47:30.915417[Thread 0x00000001e4281ec0]:Use system font instead: .AppleSystemUIFont
2023-12-01 08:47:30.915462[Thread 0x00000001e4281ec0]:Can't find HarmonyOS Sans SC font
2023-12-01 08:47:30.915472[Thread 0x00000001e4281ec0]:Use system font instead: .AppleSystemUIFont
2023-12-01 08:47:30.915556[Thread 0x00000001e4281ec0]:Can't find HarmonyOS Sans SC font
2023-12-01 08:47:30.915569[Thread 0x00000001e4281ec0]:Use system font instead: .AppleSystemUIFont
2023-12-01 08:47:30.915591[Thread 0x00000001e4281ec0]:Can't find HarmonyOS Sans SC font
2023-12-01 08:47:30.915600[Thread 0x00000001e4281ec0]:Use system font instead: .AppleSystemUIFont
2023-12-01 08:47:30.915617[Thread 0x00000001e4281ec0]:Can't find HarmonyOS Sans SC font
2023-12-01 08:47:30.915626[Thread 0x00000001e4281ec0]:Use system font instead: .AppleSystemUIFont
2023-12-01 08:47:30.915636[Thread 0x00000001e4281ec0]:Can't find HarmonyOS Sans SC font
2023-12-01 08:47:30.915644[Thread 0x00000001e4281ec0]:Use system font instead: .AppleSystemUIFont
2023-12-01 08:47:30.915655[Thread 0x00000001e4281ec0]:Can't find HarmonyOS Sans SC font
2023-12-01 08:47:30.915663[Thread 0x00000001e4281ec0]:Use system font instead: .AppleSystemUIFont
2023-12-01 08:47:30.915680[Thread 0x00000001e4281ec0]:Can't find HarmonyOS Sans SC font
2023-12-01 08:47:30.915688[Thread 0x00000001e4281ec0]:Use system font instead: .AppleSystemUIFont
2023-12-01 08:47:30.915698[Thread 0x00000001e4281ec0]:Can't find HarmonyOS Sans SC font
2023-12-01 08:47:30.915706[Thread 0x00000001e4281ec0]:Use system font instead: .AppleSystemUIFont
2023-12-01 08:47:30.915759[Thread 0x00000001e4281ec0]:Can't find HarmonyOS Sans SC font
2023-12-01 08:47:30.915769[Thread 0x00000001e4281ec0]:Use system font instead: .AppleSystemUIFont
2023-12-01 08:47:30.915787[Thread 0x00000001e4281ec0]:Can't find HarmonyOS Sans SC font
2023-12-01 08:47:30.915796[Thread 0x00000001e4281ec0]:Use system font instead: .AppleSystemUIFont
2023-12-01 08:47:30.915811[Thread 0x00000001e4281ec0]:Can't find HarmonyOS Sans SC font
2023-12-01 08:47:30.915820[Thread 0x00000001e4281ec0]:Use system font instead: .AppleSystemUIFont
2023-12-01 08:47:30.915835[Thread 0x00000001e4281ec0]:Can't find HarmonyOS Sans SC font
2023-12-01 08:47:30.915843[Thread 0x00000001e4281ec0]:Use system font instead: .AppleSystemUIFont
2023-12-01 08:47:30.915858[Thread 0x00000001e4281ec0]:Can't find HarmonyOS Sans SC font
2023-12-01 08:47:30.915878[Thread 0x00000001e4281ec0]:Use system font instead: .AppleSystemUIFont
2023-12-01 08:47:30.915925[Thread 0x00000001e4281ec0]:Can't find HarmonyOS Sans SC font
2023-12-01 08:47:30.915935[Thread 0x00000001e4281ec0]:Use system font instead: .AppleSystemUIFont
2023-12-01 08:47:30.916007[Thread 0x00000001e4281ec0]:Can't find HarmonyOS Sans SC font
2023-12-01 08:47:30.916017[Thread 0x00000001e4281ec0]:Use system font instead: .AppleSystemUIFont
2023-12-01 08:47:30.916029[Thread 0x00000001e4281ec0]:Can't find HarmonyOS Sans SC font
2023-12-01 08:47:30.916038[Thread 0x00000001e4281ec0]:Use system font instead: .AppleSystemUIFont
2023-12-01 08:47:30.916056[Thread 0x00000001e4281ec0]:Can't find HarmonyOS Sans SC font
2023-12-01 08:47:30.916064[Thread 0x00000001e4281ec0]:Use system font instead: .AppleSystemUIFont
2023-12-01 08:47:30.916075[Thread 0x00000001e4281ec0]:Can't find HarmonyOS Sans SC font
2023-12-01 08:47:30.916083[Thread 0x00000001e4281ec0]:Use system font instead: .AppleSystemUIFont
2023-12-01 08:47:30.916094[Thread 0x00000001e4281ec0]:Can't find HarmonyOS Sans SC font
2023-12-01 08:47:30.916103[Thread 0x00000001e4281ec0]:Use system font instead: .AppleSystemUIFont
2023-12-01 08:47:30.916120[Thread 0x00000001e4281ec0]:Can't find HarmonyOS Sans SC font
2023-12-01 08:47:30.916129[Thread 0x00000001e4281ec0]:Use system font instead: .AppleSystemUIFont
2023-12-01 08:47:30.916139[Thread 0x00000001e4281ec0]:Can't find HarmonyOS Sans SC font
2023-12-01 08:47:30.916147[Thread 0x00000001e4281ec0]:Use system font instead: .AppleSystemUIFont
2023-12-01 08:47:30.916199[Thread 0x00000001e4281ec0]:Can't find HarmonyOS Sans SC font
2023-12-01 08:47:30.916209[Thread 0x00000001e4281ec0]:Use system font instead: .AppleSystemUIFont
2023-12-01 08:47:30.916227[Thread 0x00000001e4281ec0]:Can't find HarmonyOS Sans SC font
2023-12-01 08:47:30.916236[Thread 0x00000001e4281ec0]:Use system font instead: .AppleSystemUIFont
2023-12-01 08:47:30.916252[Thread 0x00000001e4281ec0]:Can't find HarmonyOS Sans SC font
2023-12-01 08:47:30.916261[Thread 0x00000001e4281ec0]:Use system font instead: .AppleSystemUIFont
2023-12-01 08:47:30.916275[Thread 0x00000001e4281ec0]:Can't find HarmonyOS Sans SC font
2023-12-01 08:47:30.916284[Thread 0x00000001e4281ec0]:Use system font instead: .AppleSystemUIFont
2023-12-01 08:47:30.916298[Thread 0x00000001e4281ec0]:Can't find HarmonyOS Sans SC font
2023-12-01 08:47:30.916307[Thread 0x00000001e4281ec0]:Use system font instead: .AppleSystemUIFont
2023-12-01 08:47:30.916321[Thread 0x00000001e4281ec0]:Can't find HarmonyOS Sans SC font
2023-12-01 08:47:30.916330[Thread 0x00000001e4281ec0]:Use system font instead: .AppleSystemUIFont
2023-12-01 08:47:30.916374[Thread 0x00000001e4281ec0]:Can't find HarmonyOS Sans SC font
2023-12-01 08:47:30.916384[Thread 0x00000001e4281ec0]:Use system font instead: .AppleSystemUIFont
2023-12-01 08:47:30.925005[Thread 0x00000001e4281ec0]:CreateWebView: file:/Applications/OrcaSlicer.app/Contents/Resources/web/homepage/index.html?lang=en_US
2023-12-01 08:47:30.984269[Thread 0x00000001e4281ec0]:Can't find HarmonyOS Sans SC font
2023-12-01 08:47:30.984300[Thread 0x00000001e4281ec0]:Use system font instead: .AppleSystemUIFont
2023-12-01 08:47:30.987088[Thread 0x00000001e4281ec0]:Can't find HarmonyOS Sans SC font
2023-12-01 08:47:30.987105[Thread 0x00000001e4281ec0]:Use system font instead: .AppleSystemUIFont
2023-12-01 08:47:30.987122[Thread 0x00000001e4281ec0]:Can't find HarmonyOS Sans SC font
2023-12-01 08:47:30.987132[Thread 0x00000001e4281ec0]:Use system font instead: .AppleSystemUIFont
2023-12-01 08:47:30.987171[Thread 0x00000001e4281ec0]:Can't find HarmonyOS Sans SC font
2023-12-01 08:47:30.987180[Thread 0x00000001e4281ec0]:Use system font instead: .AppleSystemUIFont
2023-12-01 08:47:30.987192[Thread 0x00000001e4281ec0]:Can't find HarmonyOS Sans SC font
2023-12-01 08:47:30.987201[Thread 0x00000001e4281ec0]:Use system font instead: .AppleSystemUIFont
2023-12-01 08:47:30.987212[Thread 0x00000001e4281ec0]:Can't find HarmonyOS Sans SC font
2023-12-01 08:47:30.987253[Thread 0x00000001e4281ec0]:Use system font instead: .AppleSystemUIFont
2023-12-01 08:47:30.987277[Thread 0x00000001e4281ec0]:Can't find HarmonyOS Sans SC font
2023-12-01 08:47:30.987286[Thread 0x00000001e4281ec0]:Use system font instead: .AppleSystemUIFont
2023-12-01 08:47:30.987297[Thread 0x00000001e4281ec0]:Can't find HarmonyOS Sans SC font
2023-12-01 08:47:30.987305[Thread 0x00000001e4281ec0]:Use system font instead: .AppleSystemUIFont
2023-12-01 08:47:30.987427[Thread 0x00000001e4281ec0]:Can't find HarmonyOS Sans SC font
2023-12-01 08:47:30.987438[Thread 0x00000001e4281ec0]:Use system font instead: .AppleSystemUIFont
2023-12-01 08:47:30.987544[Thread 0x00000001e4281ec0]:Can't find HarmonyOS Sans SC font
2023-12-01 08:47:30.987554[Thread 0x00000001e4281ec0]:Use system font instead: .AppleSystemUIFont
2023-12-01 08:47:30.987566[Thread 0x00000001e4281ec0]:Can't find HarmonyOS Sans SC font
2023-12-01 08:47:30.987574[Thread 0x00000001e4281ec0]:Use system font instead: .AppleSystemUIFont
2023-12-01 08:47:30.987593[Thread 0x00000001e4281ec0]:Can't find HarmonyOS Sans SC font
2023-12-01 08:47:30.987602[Thread 0x00000001e4281ec0]:Use system font instead: .AppleSystemUIFont
2023-12-01 08:47:30.987612[Thread 0x00000001e4281ec0]:Can't find HarmonyOS Sans SC font
2023-12-01 08:47:30.987620[Thread 0x00000001e4281ec0]:Use system font instead: .AppleSystemUIFont
2023-12-01 08:47:30.987630[Thread 0x00000001e4281ec0]:Can't find HarmonyOS Sans SC font
2023-12-01 08:47:30.987639[Thread 0x00000001e4281ec0]:Use system font instead: .AppleSystemUIFont
2023-12-01 08:47:30.987656[Thread 0x00000001e4281ec0]:Can't find HarmonyOS Sans SC font
2023-12-01 08:47:30.987664[Thread 0x00000001e4281ec0]:Use system font instead: .AppleSystemUIFont
2023-12-01 08:47:30.987674[Thread 0x00000001e4281ec0]:Can't find HarmonyOS Sans SC font
2023-12-01 08:47:30.987682[Thread 0x00000001e4281ec0]:Use system font instead: .AppleSystemUIFont
2023-12-01 08:47:30.987742[Thread 0x00000001e4281ec0]:Can't find HarmonyOS Sans SC font
2023-12-01 08:47:30.987752[Thread 0x00000001e4281ec0]:Use system font instead: .AppleSystemUIFont
2023-12-01 08:47:30.987805[Thread 0x00000001e4281ec0]:Can't find HarmonyOS Sans SC font
2023-12-01 08:47:30.987816[Thread 0x00000001e4281ec0]:Use system font instead: .AppleSystemUIFont
2023-12-01 08:47:30.987913[Thread 0x00000001e4281ec0]:Can't find HarmonyOS Sans SC font
2023-12-01 08:47:30.987924[Thread 0x00000001e4281ec0]:Use system font instead: .AppleSystemUIFont
2023-12-01 08:47:30.987935[Thread 0x00000001e4281ec0]:Can't find HarmonyOS Sans SC font
2023-12-01 08:47:30.987943[Thread 0x00000001e4281ec0]:Use system font instead: .AppleSystemUIFont
2023-12-01 08:47:30.987961[Thread 0x00000001e4281ec0]:Can't find HarmonyOS Sans SC font
2023-12-01 08:47:30.987969[Thread 0x00000001e4281ec0]:Use system font instead: .AppleSystemUIFont
2023-12-01 08:47:30.987979[Thread 0x00000001e4281ec0]:Can't find HarmonyOS Sans SC font
2023-12-01 08:47:30.987987[Thread 0x00000001e4281ec0]:Use system font instead: .AppleSystemUIFont
2023-12-01 08:47:30.987998[Thread 0x00000001e4281ec0]:Can't find HarmonyOS Sans SC font
2023-12-01 08:47:30.988006[Thread 0x00000001e4281ec0]:Use system font instead: .AppleSystemUIFont
2023-12-01 08:47:30.988023[Thread 0x00000001e4281ec0]:Can't find HarmonyOS Sans SC font
2023-12-01 08:47:30.988031[Thread 0x00000001e4281ec0]:Use system font instead: .AppleSystemUIFont
2023-12-01 08:47:30.988041[Thread 0x00000001e4281ec0]:Can't find HarmonyOS Sans SC font
2023-12-01 08:47:30.988048[Thread 0x00000001e4281ec0]:Use system font instead: .AppleSystemUIFont
2023-12-01 08:47:30.988106[Thread 0x00000001e4281ec0]:Can't find HarmonyOS Sans SC font
2023-12-01 08:47:30.988117[Thread 0x00000001e4281ec0]:Use system font instead: .AppleSystemUIFont
2023-12-01 08:47:30.988137[Thread 0x00000001e4281ec0]:Can't find HarmonyOS Sans SC font
2023-12-01 08:47:30.988146[Thread 0x00000001e4281ec0]:Use system font instead: .AppleSystemUIFont
2023-12-01 08:47:30.988162[Thread 0x00000001e4281ec0]:Can't find HarmonyOS Sans SC font
2023-12-01 08:47:30.988182[Thread 0x00000001e4281ec0]:Use system font instead: .AppleSystemUIFont
2023-12-01 08:47:30.988229[Thread 0x00000001e4281ec0]:Can't find HarmonyOS Sans SC font
2023-12-01 08:47:30.988238[Thread 0x00000001e4281ec0]:Use system font instead: .AppleSystemUIFont
2023-12-01 08:47:30.988249[Thread 0x00000001e4281ec0]:Can't find HarmonyOS Sans SC font
2023-12-01 08:47:30.988257[Thread 0x00000001e4281ec0]:Use system font instead: .AppleSystemUIFont
2023-12-01 08:47:30.988274[Thread 0x00000001e4281ec0]:Can't find HarmonyOS Sans SC font
2023-12-01 08:47:30.988282[Thread 0x00000001e4281ec0]:Use system font instead: .AppleSystemUIFont
2023-12-01 08:47:30.988292[Thread 0x00000001e4281ec0]:Can't find HarmonyOS Sans SC font
2023-12-01 08:47:30.988300[Thread 0x00000001e4281ec0]:Use system font instead: .AppleSystemUIFont
2023-12-01 08:47:30.988310[Thread 0x00000001e4281ec0]:Can't find HarmonyOS Sans SC font
2023-12-01 08:47:30.988318[Thread 0x00000001e4281ec0]:Use system font instead: .AppleSystemUIFont
2023-12-01 08:47:30.988335[Thread 0x00000001e4281ec0]:Can't find HarmonyOS Sans SC font
2023-12-01 08:47:30.988343[Thread 0x00000001e4281ec0]:Use system font instead: .AppleSystemUIFont
2023-12-01 08:47:30.988352[Thread 0x00000001e4281ec0]:Can't find HarmonyOS Sans SC font
2023-12-01 08:47:30.988360[Thread 0x00000001e4281ec0]:Use system font instead: .AppleSystemUIFont
2023-12-01 08:47:30.988419[Thread 0x00000001e4281ec0]:Can't find HarmonyOS Sans SC font
2023-12-01 08:47:30.988428[Thread 0x00000001e4281ec0]:Use system font instead: .AppleSystemUIFont
2023-12-01 08:47:30.988445[Thread 0x00000001e4281ec0]:Can't find HarmonyOS Sans SC font
2023-12-01 08:47:30.988454[Thread 0x00000001e4281ec0]:Use system font instead: .AppleSystemUIFont
2023-12-01 08:47:30.988469[Thread 0x00000001e4281ec0]:Can't find HarmonyOS Sans SC font
2023-12-01 08:47:30.988477[Thread 0x00000001e4281ec0]:Use system font instead: .AppleSystemUIFont
2023-12-01 08:47:30.988492[Thread 0x00000001e4281ec0]:Can't find HarmonyOS Sans SC font
2023-12-01 08:47:30.988501[Thread 0x00000001e4281ec0]:Use system font instead: .AppleSystemUIFont
2023-12-01 08:47:30.988527[Thread 0x00000001e4281ec0]:Can't find HarmonyOS Sans SC font
2023-12-01 08:47:30.988536[Thread 0x00000001e4281ec0]:Use system font instead: .AppleSystemUIFont
2023-12-01 08:47:30.988547[Thread 0x00000001e4281ec0]:Can't find HarmonyOS Sans SC font
2023-12-01 08:47:30.988555[Thread 0x00000001e4281ec0]:Use system font instead: .AppleSystemUIFont
2023-12-01 08:47:30.988570[Thread 0x00000001e4281ec0]:Can't find HarmonyOS Sans SC font
2023-12-01 08:47:30.988579[Thread 0x00000001e4281ec0]:Use system font instead: .AppleSystemUIFont
2023-12-01 08:47:30.988589[Thread 0x00000001e4281ec0]:Can't find HarmonyOS Sans SC font
2023-12-01 08:47:30.988597[Thread 0x00000001e4281ec0]:Use system font instead: .AppleSystemUIFont
2023-12-01 08:47:30.988608[Thread 0x00000001e4281ec0]:Can't find HarmonyOS Sans SC font
2023-12-01 08:47:30.988617[Thread 0x00000001e4281ec0]:Use system font instead: .AppleSystemUIFont
2023-12-01 08:47:30.988634[Thread 0x00000001e4281ec0]:Can't find HarmonyOS Sans SC font
2023-12-01 08:47:30.988642[Thread 0x00000001e4281ec0]:Use system font instead: .AppleSystemUIFont
2023-12-01 08:47:30.988652[Thread 0x00000001e4281ec0]:Can't find HarmonyOS Sans SC font
2023-12-01 08:47:30.988661[Thread 0x00000001e4281ec0]:Use system font instead: .AppleSystemUIFont
2023-12-01 08:47:30.988720[Thread 0x00000001e4281ec0]:Can't find HarmonyOS Sans SC font
2023-12-01 08:47:30.988730[Thread 0x00000001e4281ec0]:Use system font instead: .AppleSystemUIFont
2023-12-01 08:47:30.988748[Thread 0x00000001e4281ec0]:Can't find HarmonyOS Sans SC font
2023-12-01 08:47:30.988757[Thread 0x00000001e4281ec0]:Use system font instead: .AppleSystemUIFont
2023-12-01 08:47:30.988773[Thread 0x00000001e4281ec0]:Can't find HarmonyOS Sans SC font
2023-12-01 08:47:30.988782[Thread 0x00000001e4281ec0]:Use system font instead: .AppleSystemUIFont
2023-12-01 08:47:30.988797[Thread 0x00000001e4281ec0]:Can't find HarmonyOS Sans SC font
2023-12-01 08:47:30.988820[Thread 0x00000001e4281ec0]:Use system font instead: .AppleSystemUIFont
2023-12-01 08:47:30.988836[Thread 0x00000001e4281ec0]:Can't find HarmonyOS Sans SC font
2023-12-01 08:47:30.988846[Thread 0x00000001e4281ec0]:Use system font instead: .AppleSystemUIFont
2023-12-01 08:47:30.988875[Thread 0x00000001e4281ec0]:Can't find HarmonyOS Sans SC font
2023-12-01 08:47:30.988885[Thread 0x00000001e4281ec0]:Use system font instead: .AppleSystemUIFont
2023-12-01 08:47:30.988896[Thread 0x00000001e4281ec0]:Can't find HarmonyOS Sans SC font
2023-12-01 08:47:30.988904[Thread 0x00000001e4281ec0]:Use system font instead: .AppleSystemUIFont
2023-12-01 08:47:30.988921[Thread 0x00000001e4281ec0]:Can't find HarmonyOS Sans SC font
2023-12-01 08:47:30.988930[Thread 0x00000001e4281ec0]:Use system font instead: .AppleSystemUIFont
2023-12-01 08:47:30.988941[Thread 0x00000001e4281ec0]:Can't find HarmonyOS Sans SC font
2023-12-01 08:47:30.988949[Thread 0x00000001e4281ec0]:Use system font instead: .AppleSystemUIFont
2023-12-01 08:47:30.988960[Thread 0x00000001e4281ec0]:Can't find HarmonyOS Sans SC font
2023-12-01 08:47:30.988969[Thread 0x00000001e4281ec0]:Use system font instead: .AppleSystemUIFont
2023-12-01 08:47:30.988986[Thread 0x00000001e4281ec0]:Can't find HarmonyOS Sans SC font
2023-12-01 08:47:30.988995[Thread 0x00000001e4281ec0]:Use system font instead: .AppleSystemUIFont
2023-12-01 08:47:30.989005[Thread 0x00000001e4281ec0]:Can't find HarmonyOS Sans SC font
2023-12-01 08:47:30.989014[Thread 0x00000001e4281ec0]:Use system font instead: .AppleSystemUIFont
2023-12-01 08:47:30.989073[Thread 0x00000001e4281ec0]:Can't find HarmonyOS Sans SC font
2023-12-01 08:47:30.989083[Thread 0x00000001e4281ec0]:Use system font instead: .AppleSystemUIFont
2023-12-01 08:47:30.989100[Thread 0x00000001e4281ec0]:Can't find HarmonyOS Sans SC font
2023-12-01 08:47:30.989109[Thread 0x00000001e4281ec0]:Use system font instead: .AppleSystemUIFont
2023-12-01 08:47:30.989124[Thread 0x00000001e4281ec0]:Can't find HarmonyOS Sans SC font
2023-12-01 08:47:30.989134[Thread 0x00000001e4281ec0]:Use system font instead: .AppleSystemUIFont
2023-12-01 08:47:30.989149[Thread 0x00000001e4281ec0]:Can't find HarmonyOS Sans SC font
2023-12-01 08:47:30.989158[Thread 0x00000001e4281ec0]:Use system font instead: .AppleSystemUIFont
2023-12-01 08:47:30.989173[Thread 0x00000001e4281ec0]:Can't find HarmonyOS Sans SC font
2023-12-01 08:47:30.989182[Thread 0x00000001e4281ec0]:Use system font instead: .AppleSystemUIFont
2023-12-01 08:47:30.989198[Thread 0x00000001e4281ec0]:Can't find HarmonyOS Sans SC font
2023-12-01 08:47:30.989207[Thread 0x00000001e4281ec0]:Use system font instead: .AppleSystemUIFont
2023-12-01 08:47:30.989237[Thread 0x00000001e4281ec0]:Can't find HarmonyOS Sans SC font
2023-12-01 08:47:30.989246[Thread 0x00000001e4281ec0]:Use system font instead: .AppleSystemUIFont
2023-12-01 08:47:30.989257[Thread 0x00000001e4281ec0]:Can't find HarmonyOS Sans SC font
2023-12-01 08:47:30.989266[Thread 0x00000001e4281ec0]:Use system font instead: .AppleSystemUIFont
