2023-11-18 15:32:23.565740[Thread 0x00000001d9659ec0]:gui mode, Current OrcaSlicer Version 1.8.0
2023-11-18 15:32:23.569918[Thread 0x00000001d9659ec0]:load_language: language , initial: 1
2023-11-18 15:32:23.569956[Thread 0x00000001d9659ec0]:language provided by OrcaSlicer.conf: en_GB
2023-11-18 15:32:23.584667[Thread 0x00000001d9659ec0]:Update_dark_mode_flag: switch the current dark mode status to 1 
2023-11-18 15:32:23.585607[Thread 0x00000001d9659ec0]:begin to show the splash screen...
2023-11-18 15:32:23.597201[Thread 0x00000001d9659ec0]:loading systen presets...
2023-11-18 15:32:23.598092[Thread 0x00000001d9659ec0]:[BBL Updater]:Checking whether the profile from resource is newer
2023-11-18 15:32:23.598196[Thread 0x00000001d9659ec0]:Installing 2 bundles from resources ...
2023-11-18 15:32:23.605587[Thread 0x00000001d9659ec0]:[BBL Updater]:Performing 8 updates
2023-11-18 15:32:23.605596[Thread 0x00000001d9659ec0]:	Update(/Applications/OrcaSlicer.app/Contents/Resources/profiles/Custom.json -> /Users/pato/Library/Application Support/OrcaSlicer/system/Custom.json)
2023-11-18 15:32:23.606085[Thread 0x00000001d9659ec0]:	Update(/Applications/OrcaSlicer.app/Contents/Resources/profiles/Custom/process -> /Users/pato/Library/Application Support/OrcaSlicer/system/Custom/process)
2023-11-18 15:32:23.606089[Thread 0x00000001d9659ec0]:copy_directory_recursively "/Applications/OrcaSlicer.app/Contents/Resources/profiles/Custom/process" -> "/Users/pato/Library/Application Support/OrcaSlicer/system/Custom/process"
2023-11-18 15:32:23.609552[Thread 0x00000001d9659ec0]:	Update(/Applications/OrcaSlicer.app/Contents/Resources/profiles/Custom/filament -> /Users/pato/Library/Application Support/OrcaSlicer/system/Custom/filament)
2023-11-18 15:32:23.609555[Thread 0x00000001d9659ec0]:copy_directory_recursively "/Applications/OrcaSlicer.app/Contents/Resources/profiles/Custom/filament" -> "/Users/pato/Library/Application Support/OrcaSlicer/system/Custom/filament"
2023-11-18 15:32:23.614173[Thread 0x00000001d9659ec0]:	Update(/Applications/OrcaSlicer.app/Contents/Resources/profiles/Custom/machine -> /Users/pato/Library/Application Support/OrcaSlicer/system/Custom/machine)
2023-11-18 15:32:23.614180[Thread 0x00000001d9659ec0]:copy_directory_recursively "/Applications/OrcaSlicer.app/Contents/Resources/profiles/Custom/machine" -> "/Users/pato/Library/Application Support/OrcaSlicer/system/Custom/machine"
2023-11-18 15:32:23.615818[Thread 0x00000001d9659ec0]:	Update(/Applications/OrcaSlicer.app/Contents/Resources/profiles/Creality.json -> /Users/pato/Library/Application Support/OrcaSlicer/system/Creality.json)
2023-11-18 15:32:23.616335[Thread 0x00000001d9659ec0]:	Update(/Applications/OrcaSlicer.app/Contents/Resources/profiles/Creality/process -> /Users/pato/Library/Application Support/OrcaSlicer/system/Creality/process)
2023-11-18 15:32:23.616337[Thread 0x00000001d9659ec0]:copy_directory_recursively "/Applications/OrcaSlicer.app/Contents/Resources/profiles/Creality/process" -> "/Users/pato/Library/Application Support/OrcaSlicer/system/Creality/process"
2023-11-18 15:32:23.630241[Thread 0x00000001d9659ec0]:	Update(/Applications/OrcaSlicer.app/Contents/Resources/profiles/Creality/filament -> /Users/pato/Library/Application Support/OrcaSlicer/system/Creality/filament)
2023-11-18 15:32:23.630244[Thread 0x00000001d9659ec0]:copy_directory_recursively "/Applications/OrcaSlicer.app/Contents/Resources/profiles/Creality/filament" -> "/Users/pato/Library/Application Support/OrcaSlicer/system/Creality/filament"
2023-11-18 15:32:23.632821[Thread 0x00000001d9659ec0]:	Update(/Applications/OrcaSlicer.app/Contents/Resources/profiles/Creality/machine -> /Users/pato/Library/Application Support/OrcaSlicer/system/Creality/machine)
2023-11-18 15:32:23.632823[Thread 0x00000001d9659ec0]:copy_directory_recursively "/Applications/OrcaSlicer.app/Contents/Resources/profiles/Creality/machine" -> "/Users/pato/Library/Application Support/OrcaSlicer/system/Creality/machine"
2023-11-18 15:32:23.647769[Thread 0x00000001d9659ec0]:initialize_network_module, successfully loaded library /Users/pato/Library/Application Support/OrcaSlicer/plugins/libbambu_networking.dylib, module 0x85800310
2023-11-18 15:32:23.647843[Thread 0x00000001d9659ec0]:get_network_function, can not find function bambu_network_get_profile_3mf
2023-11-18 15:32:23.647862[Thread 0x00000001d9659ec0]:on_init_network: on_init_network, load dll ok
2023-11-18 15:32:23.647874[Thread 0x00000001d9659ec0]:get_network_agent_version=01.07.07.07
2023-11-18 15:32:23.647875[Thread 0x00000001d9659ec0]:on_init_network: on_init_network, compatibility version
2023-11-18 15:32:23.656531[Thread 0x00000001d9659ec0]:on_init_network, create network agent...
2023-11-18 15:32:23.658172[Thread 0x00000001d9659ec0]:NetworkAgent, this 0x600000e235a0, network_agent=0x600000e23560, create_agent_ptr=1
2023-11-18 15:32:23.658870[Thread 0x00000001d9659ec0]:init_networking_callbacks: enter, m_agent=0x600000e235a0
2023-11-18 15:32:23.658912[Thread 0x00000001d9659ec0]:init_networking_callbacks: exit, m_agent=0x600000e235a0
2023-11-18 15:32:23.659716[Thread 0x00000001d9659ec0]:load_presets enter, substitution_rule 3, preferred printer_model_id 
2023-11-18 15:32:23.659812[Thread 0x00000001d9659ec0]:load_vendor_configs_from_json: parse /Users/pato/Library/Application Support/OrcaSlicer/system/Custom.json, got description:  "My configurations"
2023-11-18 15:32:23.664803[Thread 0x00000001d9659ec0]:load_vendor_configs_from_json: parse /Users/pato/Library/Application Support/OrcaSlicer/system/Creality.json, got description:  "Creality configurations"
2023-11-18 15:32:23.687647[Thread 0x00000001d9659ec0]:update_compatibility for all presets enter
2023-11-18 15:32:23.687660[Thread 0x00000001d9659ec0]:update_compatibility for all presets exit
2023-11-18 15:32:23.687674[Thread 0x00000001d9659ec0]:update_compatibility for all presets enter
2023-11-18 15:32:23.687678[Thread 0x00000001d9659ec0]:update_compatibility for all presets exit
2023-11-18 15:32:23.687892[Thread 0x00000001d9659ec0]:update_compatibility for all presets enter
2023-11-18 15:32:23.687915[Thread 0x00000001d9659ec0]:update_compatibility for all presets exit
2023-11-18 15:32:23.687917[Thread 0x00000001d9659ec0]:load_presets finished, returned substitutions 0
2023-11-18 15:32:23.687922[Thread 0x00000001d9659ec0]:start_sync_service...
2023-11-18 15:32:23.687940[Thread 0x00000001d9659ec0]:create the main window
2023-11-18 15:32:23.723489[Thread 0x00000001d9659ec0]:Can't find HarmonyOS Sans SC font
2023-11-18 15:32:23.723517[Thread 0x00000001d9659ec0]:Use system font instead: .AppleSystemUIFont
2023-11-18 15:32:23.723543[Thread 0x00000001d9659ec0]:Can't find HarmonyOS Sans SC font
2023-11-18 15:32:23.723555[Thread 0x00000001d9659ec0]:Use system font instead: .AppleSystemUIFont
2023-11-18 15:32:23.723620[Thread 0x00000001d9659ec0]:Can't find HarmonyOS Sans SC font
2023-11-18 15:32:23.723631[Thread 0x00000001d9659ec0]:Use system font instead: .AppleSystemUIFont
2023-11-18 15:32:23.723644[Thread 0x00000001d9659ec0]:Can't find HarmonyOS Sans SC font
2023-11-18 15:32:23.723653[Thread 0x00000001d9659ec0]:Use system font instead: .AppleSystemUIFont
2023-11-18 15:32:23.723666[Thread 0x00000001d9659ec0]:Can't find HarmonyOS Sans SC font
2023-11-18 15:32:23.723675[Thread 0x00000001d9659ec0]:Use system font instead: .AppleSystemUIFont
2023-11-18 15:32:23.723706[Thread 0x00000001d9659ec0]:Can't find HarmonyOS Sans SC font
2023-11-18 15:32:23.723715[Thread 0x00000001d9659ec0]:Use system font instead: .AppleSystemUIFont
2023-11-18 15:32:23.723726[Thread 0x00000001d9659ec0]:Can't find HarmonyOS Sans SC font
2023-11-18 15:32:23.723735[Thread 0x00000001d9659ec0]:Use system font instead: .AppleSystemUIFont
2023-11-18 15:32:23.723835[Thread 0x00000001d9659ec0]:Can't find HarmonyOS Sans SC font
2023-11-18 15:32:23.723847[Thread 0x00000001d9659ec0]:Use system font instead: .AppleSystemUIFont
2023-11-18 15:32:23.723900[Thread 0x00000001d9659ec0]:Can't find HarmonyOS Sans SC font
2023-11-18 15:32:23.723910[Thread 0x00000001d9659ec0]:Use system font instead: .AppleSystemUIFont
2023-11-18 15:32:23.723922[Thread 0x00000001d9659ec0]:Can't find HarmonyOS Sans SC font
2023-11-18 15:32:23.723964[Thread 0x00000001d9659ec0]:Use system font instead: .AppleSystemUIFont
2023-11-18 15:32:23.723985[Thread 0x00000001d9659ec0]:Can't find HarmonyOS Sans SC font
2023-11-18 15:32:23.723994[Thread 0x00000001d9659ec0]:Use system font instead: .AppleSystemUIFont
2023-11-18 15:32:23.724004[Thread 0x00000001d9659ec0]:Can't find HarmonyOS Sans SC font
2023-11-18 15:32:23.724012[Thread 0x00000001d9659ec0]:Use system font instead: .AppleSystemUIFont
2023-11-18 15:32:23.724023[Thread 0x00000001d9659ec0]:Can't find HarmonyOS Sans SC font
2023-11-18 15:32:23.724032[Thread 0x00000001d9659ec0]:Use system font instead: .AppleSystemUIFont
2023-11-18 15:32:23.724050[Thread 0x00000001d9659ec0]:Can't find HarmonyOS Sans SC font
2023-11-18 15:32:23.724059[Thread 0x00000001d9659ec0]:Use system font instead: .AppleSystemUIFont
2023-11-18 15:32:23.724069[Thread 0x00000001d9659ec0]:Can't find HarmonyOS Sans SC font
2023-11-18 15:32:23.724077[Thread 0x00000001d9659ec0]:Use system font instead: .AppleSystemUIFont
2023-11-18 15:32:23.724172[Thread 0x00000001d9659ec0]:Can't find HarmonyOS Sans SC font
2023-11-18 15:32:23.724183[Thread 0x00000001d9659ec0]:Use system font instead: .AppleSystemUIFont
2023-11-18 15:32:23.724241[Thread 0x00000001d9659ec0]:Can't find HarmonyOS Sans SC font
2023-11-18 15:32:23.724251[Thread 0x00000001d9659ec0]:Use system font instead: .AppleSystemUIFont
2023-11-18 15:32:23.724347[Thread 0x00000001d9659ec0]:Can't find HarmonyOS Sans SC font
2023-11-18 15:32:23.724358[Thread 0x00000001d9659ec0]:Use system font instead: .AppleSystemUIFont
2023-11-18 15:32:23.724369[Thread 0x00000001d9659ec0]:Can't find HarmonyOS Sans SC font
2023-11-18 15:32:23.724377[Thread 0x00000001d9659ec0]:Use system font instead: .AppleSystemUIFont
2023-11-18 15:32:23.724395[Thread 0x00000001d9659ec0]:Can't find HarmonyOS Sans SC font
2023-11-18 15:32:23.724403[Thread 0x00000001d9659ec0]:Use system font instead: .AppleSystemUIFont
2023-11-18 15:32:23.724414[Thread 0x00000001d9659ec0]:Can't find HarmonyOS Sans SC font
2023-11-18 15:32:23.724422[Thread 0x00000001d9659ec0]:Use system font instead: .AppleSystemUIFont
2023-11-18 15:32:23.724432[Thread 0x00000001d9659ec0]:Can't find HarmonyOS Sans SC font
2023-11-18 15:32:23.724440[Thread 0x00000001d9659ec0]:Use system font instead: .AppleSystemUIFont
2023-11-18 15:32:23.724457[Thread 0x00000001d9659ec0]:Can't find HarmonyOS Sans SC font
2023-11-18 15:32:23.724466[Thread 0x00000001d9659ec0]:Use system font instead: .AppleSystemUIFont
2023-11-18 15:32:23.724476[Thread 0x00000001d9659ec0]:Can't find HarmonyOS Sans SC font
2023-11-18 15:32:23.724484[Thread 0x00000001d9659ec0]:Use system font instead: .AppleSystemUIFont
2023-11-18 15:32:23.724543[Thread 0x00000001d9659ec0]:Can't find HarmonyOS Sans SC font
2023-11-18 15:32:23.724553[Thread 0x00000001d9659ec0]:Use system font instead: .AppleSystemUIFont
2023-11-18 15:32:23.724569[Thread 0x00000001d9659ec0]:Can't find HarmonyOS Sans SC font
2023-11-18 15:32:23.724577[Thread 0x00000001d9659ec0]:Use system font instead: .AppleSystemUIFont
2023-11-18 15:32:23.724632[Thread 0x00000001d9659ec0]:Can't find HarmonyOS Sans SC font
2023-11-18 15:32:23.724643[Thread 0x00000001d9659ec0]:Use system font instead: .AppleSystemUIFont
2023-11-18 15:32:23.729901[Thread 0x00000001d9659ec0]:Can't find HarmonyOS Sans SC font
2023-11-18 15:32:23.729924[Thread 0x00000001d9659ec0]:Use system font instead: .AppleSystemUIFont
2023-11-18 15:32:23.729944[Thread 0x00000001d9659ec0]:Can't find HarmonyOS Sans SC font
2023-11-18 15:32:23.729955[Thread 0x00000001d9659ec0]:Use system font instead: .AppleSystemUIFont
2023-11-18 15:32:23.729981[Thread 0x00000001d9659ec0]:Can't find HarmonyOS Sans SC font
2023-11-18 15:32:23.729991[Thread 0x00000001d9659ec0]:Use system font instead: .AppleSystemUIFont
2023-11-18 15:32:23.730003[Thread 0x00000001d9659ec0]:Can't find HarmonyOS Sans SC font
2023-11-18 15:32:23.730012[Thread 0x00000001d9659ec0]:Use system font instead: .AppleSystemUIFont
2023-11-18 15:32:23.730025[Thread 0x00000001d9659ec0]:Can't find HarmonyOS Sans SC font
2023-11-18 15:32:23.730061[Thread 0x00000001d9659ec0]:Use system font instead: .AppleSystemUIFont
2023-11-18 15:32:23.730083[Thread 0x00000001d9659ec0]:Can't find HarmonyOS Sans SC font
2023-11-18 15:32:23.730092[Thread 0x00000001d9659ec0]:Use system font instead: .AppleSystemUIFont
2023-11-18 15:32:23.730104[Thread 0x00000001d9659ec0]:Can't find HarmonyOS Sans SC font
2023-11-18 15:32:23.730113[Thread 0x00000001d9659ec0]:Use system font instead: .AppleSystemUIFont
2023-11-18 15:32:23.730196[Thread 0x00000001d9659ec0]:Can't find HarmonyOS Sans SC font
2023-11-18 15:32:23.730207[Thread 0x00000001d9659ec0]:Use system font instead: .AppleSystemUIFont
2023-11-18 15:32:23.730293[Thread 0x00000001d9659ec0]:Can't find HarmonyOS Sans SC font
2023-11-18 15:32:23.730304[Thread 0x00000001d9659ec0]:Use system font instead: .AppleSystemUIFont
2023-11-18 15:32:23.730321[Thread 0x00000001d9659ec0]:Can't find HarmonyOS Sans SC font
2023-11-18 15:32:23.730330[Thread 0x00000001d9659ec0]:Use system font instead: .AppleSystemUIFont
2023-11-18 15:32:23.730349[Thread 0x00000001d9659ec0]:Can't find HarmonyOS Sans SC font
2023-11-18 15:32:23.730359[Thread 0x00000001d9659ec0]:Use system font instead: .AppleSystemUIFont
2023-11-18 15:32:23.730369[Thread 0x00000001d9659ec0]:Can't find HarmonyOS Sans SC font
2023-11-18 15:32:23.730378[Thread 0x00000001d9659ec0]:Use system font instead: .AppleSystemUIFont
2023-11-18 15:32:23.730390[Thread 0x00000001d9659ec0]:Can't find HarmonyOS Sans SC font
2023-11-18 15:32:23.730399[Thread 0x00000001d9659ec0]:Use system font instead: .AppleSystemUIFont
2023-11-18 15:32:23.730417[Thread 0x00000001d9659ec0]:Can't find HarmonyOS Sans SC font
2023-11-18 15:32:23.730426[Thread 0x00000001d9659ec0]:Use system font instead: .AppleSystemUIFont
2023-11-18 15:32:23.730437[Thread 0x00000001d9659ec0]:Can't find HarmonyOS Sans SC font
2023-11-18 15:32:23.730445[Thread 0x00000001d9659ec0]:Use system font instead: .AppleSystemUIFont
2023-11-18 15:32:23.730513[Thread 0x00000001d9659ec0]:Can't find HarmonyOS Sans SC font
2023-11-18 15:32:23.730524[Thread 0x00000001d9659ec0]:Use system font instead: .AppleSystemUIFont
2023-11-18 15:32:23.730574[Thread 0x00000001d9659ec0]:Can't find HarmonyOS Sans SC font
2023-11-18 15:32:23.730584[Thread 0x00000001d9659ec0]:Use system font instead: .AppleSystemUIFont
2023-11-18 15:32:23.730659[Thread 0x00000001d9659ec0]:Can't find HarmonyOS Sans SC font
2023-11-18 15:32:23.730670[Thread 0x00000001d9659ec0]:Use system font instead: .AppleSystemUIFont
2023-11-18 15:32:23.730682[Thread 0x00000001d9659ec0]:Can't find HarmonyOS Sans SC font
2023-11-18 15:32:23.730691[Thread 0x00000001d9659ec0]:Use system font instead: .AppleSystemUIFont
2023-11-18 15:32:23.730709[Thread 0x00000001d9659ec0]:Can't find HarmonyOS Sans SC font
2023-11-18 15:32:23.730718[Thread 0x00000001d9659ec0]:Use system font instead: .AppleSystemUIFont
2023-11-18 15:32:23.730729[Thread 0x00000001d9659ec0]:Can't find HarmonyOS Sans SC font
2023-11-18 15:32:23.730737[Thread 0x00000001d9659ec0]:Use system font instead: .AppleSystemUIFont
2023-11-18 15:32:23.730748[Thread 0x00000001d9659ec0]:Can't find HarmonyOS Sans SC font
2023-11-18 15:32:23.730757[Thread 0x00000001d9659ec0]:Use system font instead: .AppleSystemUIFont
2023-11-18 15:32:23.730775[Thread 0x00000001d9659ec0]:Can't find HarmonyOS Sans SC font
2023-11-18 15:32:23.730784[Thread 0x00000001d9659ec0]:Use system font instead: .AppleSystemUIFont
2023-11-18 15:32:23.730794[Thread 0x00000001d9659ec0]:Can't find HarmonyOS Sans SC font
2023-11-18 15:32:23.730803[Thread 0x00000001d9659ec0]:Use system font instead: .AppleSystemUIFont
2023-11-18 15:32:23.730857[Thread 0x00000001d9659ec0]:Can't find HarmonyOS Sans SC font
2023-11-18 15:32:23.730867[Thread 0x00000001d9659ec0]:Use system font instead: .AppleSystemUIFont
2023-11-18 15:32:23.730886[Thread 0x00000001d9659ec0]:Can't find HarmonyOS Sans SC font
2023-11-18 15:32:23.730895[Thread 0x00000001d9659ec0]:Use system font instead: .AppleSystemUIFont
2023-11-18 15:32:23.730942[Thread 0x00000001d9659ec0]:Can't find HarmonyOS Sans SC font
2023-11-18 15:32:23.730965[Thread 0x00000001d9659ec0]:Use system font instead: .AppleSystemUIFont
2023-11-18 15:32:23.731037[Thread 0x00000001d9659ec0]:Can't find HarmonyOS Sans SC font
2023-11-18 15:32:23.731047[Thread 0x00000001d9659ec0]:Use system font instead: .AppleSystemUIFont
2023-11-18 15:32:23.731058[Thread 0x00000001d9659ec0]:Can't find HarmonyOS Sans SC font
2023-11-18 15:32:23.731067[Thread 0x00000001d9659ec0]:Use system font instead: .AppleSystemUIFont
2023-11-18 15:32:23.731085[Thread 0x00000001d9659ec0]:Can't find HarmonyOS Sans SC font
2023-11-18 15:32:23.731094[Thread 0x00000001d9659ec0]:Use system font instead: .AppleSystemUIFont
2023-11-18 15:32:23.731104[Thread 0x00000001d9659ec0]:Can't find HarmonyOS Sans SC font
2023-11-18 15:32:23.731113[Thread 0x00000001d9659ec0]:Use system font instead: .AppleSystemUIFont
2023-11-18 15:32:23.731124[Thread 0x00000001d9659ec0]:Can't find HarmonyOS Sans SC font
2023-11-18 15:32:23.731132[Thread 0x00000001d9659ec0]:Use system font instead: .AppleSystemUIFont
2023-11-18 15:32:23.731150[Thread 0x00000001d9659ec0]:Can't find HarmonyOS Sans SC font
2023-11-18 15:32:23.731159[Thread 0x00000001d9659ec0]:Use system font instead: .AppleSystemUIFont
2023-11-18 15:32:23.731169[Thread 0x00000001d9659ec0]:Can't find HarmonyOS Sans SC font
2023-11-18 15:32:23.731178[Thread 0x00000001d9659ec0]:Use system font instead: .AppleSystemUIFont
2023-11-18 15:32:23.731230[Thread 0x00000001d9659ec0]:Can't find HarmonyOS Sans SC font
2023-11-18 15:32:23.731241[Thread 0x00000001d9659ec0]:Use system font instead: .AppleSystemUIFont
2023-11-18 15:32:23.731259[Thread 0x00000001d9659ec0]:Can't find HarmonyOS Sans SC font
2023-11-18 15:32:23.731268[Thread 0x00000001d9659ec0]:Use system font instead: .AppleSystemUIFont
2023-11-18 15:32:23.731284[Thread 0x00000001d9659ec0]:Can't find HarmonyOS Sans SC font
2023-11-18 15:32:23.731294[Thread 0x00000001d9659ec0]:Use system font instead: .AppleSystemUIFont
2023-11-18 15:32:23.731337[Thread 0x00000001d9659ec0]:Can't find HarmonyOS Sans SC font
2023-11-18 15:32:23.731347[Thread 0x00000001d9659ec0]:Use system font instead: .AppleSystemUIFont
2023-11-18 15:32:23.731416[Thread 0x00000001d9659ec0]:Can't find HarmonyOS Sans SC font
2023-11-18 15:32:23.731427[Thread 0x00000001d9659ec0]:Use system font instead: .AppleSystemUIFont
2023-11-18 15:32:23.731438[Thread 0x00000001d9659ec0]:Can't find HarmonyOS Sans SC font
2023-11-18 15:32:23.731447[Thread 0x00000001d9659ec0]:Use system font instead: .AppleSystemUIFont
2023-11-18 15:32:23.731465[Thread 0x00000001d9659ec0]:Can't find HarmonyOS Sans SC font
2023-11-18 15:32:23.731474[Thread 0x00000001d9659ec0]:Use system font instead: .AppleSystemUIFont
2023-11-18 15:32:23.731484[Thread 0x00000001d9659ec0]:Can't find HarmonyOS Sans SC font
2023-11-18 15:32:23.731493[Thread 0x00000001d9659ec0]:Use system font instead: .AppleSystemUIFont
2023-11-18 15:32:23.731504[Thread 0x00000001d9659ec0]:Can't find HarmonyOS Sans SC font
2023-11-18 15:32:23.731513[Thread 0x00000001d9659ec0]:Use system font instead: .AppleSystemUIFont
2023-11-18 15:32:23.731530[Thread 0x00000001d9659ec0]:Can't find HarmonyOS Sans SC font
2023-11-18 15:32:23.731539[Thread 0x00000001d9659ec0]:Use system font instead: .AppleSystemUIFont
2023-11-18 15:32:23.731549[Thread 0x00000001d9659ec0]:Can't find HarmonyOS Sans SC font
2023-11-18 15:32:23.731558[Thread 0x00000001d9659ec0]:Use system font instead: .AppleSystemUIFont
2023-11-18 15:32:23.731611[Thread 0x00000001d9659ec0]:Can't find HarmonyOS Sans SC font
2023-11-18 15:32:23.731621[Thread 0x00000001d9659ec0]:Use system font instead: .AppleSystemUIFont
2023-11-18 15:32:23.731638[Thread 0x00000001d9659ec0]:Can't find HarmonyOS Sans SC font
2023-11-18 15:32:23.731647[Thread 0x00000001d9659ec0]:Use system font instead: .AppleSystemUIFont
2023-11-18 15:32:23.731663[Thread 0x00000001d9659ec0]:Can't find HarmonyOS Sans SC font
2023-11-18 15:32:23.731672[Thread 0x00000001d9659ec0]:Use system font instead: .AppleSystemUIFont
2023-11-18 15:32:23.731690[Thread 0x00000001d9659ec0]:Can't find HarmonyOS Sans SC font
2023-11-18 15:32:23.731714[Thread 0x00000001d9659ec0]:Use system font instead: .AppleSystemUIFont
2023-11-18 15:32:23.731760[Thread 0x00000001d9659ec0]:Can't find HarmonyOS Sans SC font
2023-11-18 15:32:23.731770[Thread 0x00000001d9659ec0]:Use system font instead: .AppleSystemUIFont
2023-11-18 15:32:23.731842[Thread 0x00000001d9659ec0]:Can't find HarmonyOS Sans SC font
2023-11-18 15:32:23.731853[Thread 0x00000001d9659ec0]:Use system font instead: .AppleSystemUIFont
2023-11-18 15:32:23.731864[Thread 0x00000001d9659ec0]:Can't find HarmonyOS Sans SC font
2023-11-18 15:32:23.731873[Thread 0x00000001d9659ec0]:Use system font instead: .AppleSystemUIFont
2023-11-18 15:32:23.731891[Thread 0x00000001d9659ec0]:Can't find HarmonyOS Sans SC font
2023-11-18 15:32:23.731900[Thread 0x00000001d9659ec0]:Use system font instead: .AppleSystemUIFont
2023-11-18 15:32:23.731910[Thread 0x00000001d9659ec0]:Can't find HarmonyOS Sans SC font
2023-11-18 15:32:23.731919[Thread 0x00000001d9659ec0]:Use system font instead: .AppleSystemUIFont
2023-11-18 15:32:23.731930[Thread 0x00000001d9659ec0]:Can't find HarmonyOS Sans SC font
2023-11-18 15:32:23.731938[Thread 0x00000001d9659ec0]:Use system font instead: .AppleSystemUIFont
2023-11-18 15:32:23.731955[Thread 0x00000001d9659ec0]:Can't find HarmonyOS Sans SC font
2023-11-18 15:32:23.731964[Thread 0x00000001d9659ec0]:Use system font instead: .AppleSystemUIFont
2023-11-18 15:32:23.731974[Thread 0x00000001d9659ec0]:Can't find HarmonyOS Sans SC font
2023-11-18 15:32:23.731983[Thread 0x00000001d9659ec0]:Use system font instead: .AppleSystemUIFont
2023-11-18 15:32:23.732037[Thread 0x00000001d9659ec0]:Can't find HarmonyOS Sans SC font
2023-11-18 15:32:23.732047[Thread 0x00000001d9659ec0]:Use system font instead: .AppleSystemUIFont
2023-11-18 15:32:23.732064[Thread 0x00000001d9659ec0]:Can't find HarmonyOS Sans SC font
2023-11-18 15:32:23.732073[Thread 0x00000001d9659ec0]:Use system font instead: .AppleSystemUIFont
2023-11-18 15:32:23.732089[Thread 0x00000001d9659ec0]:Can't find HarmonyOS Sans SC font
2023-11-18 15:32:23.732098[Thread 0x00000001d9659ec0]:Use system font instead: .AppleSystemUIFont
2023-11-18 15:32:23.732113[Thread 0x00000001d9659ec0]:Can't find HarmonyOS Sans SC font
2023-11-18 15:32:23.732122[Thread 0x00000001d9659ec0]:Use system font instead: .AppleSystemUIFont
2023-11-18 15:32:23.732137[Thread 0x00000001d9659ec0]:Can't find HarmonyOS Sans SC font
2023-11-18 15:32:23.732146[Thread 0x00000001d9659ec0]:Use system font instead: .AppleSystemUIFont
2023-11-18 15:32:23.732192[Thread 0x00000001d9659ec0]:Can't find HarmonyOS Sans SC font
2023-11-18 15:32:23.732202[Thread 0x00000001d9659ec0]:Use system font instead: .AppleSystemUIFont
2023-11-18 15:32:23.732274[Thread 0x00000001d9659ec0]:Can't find HarmonyOS Sans SC font
2023-11-18 15:32:23.732284[Thread 0x00000001d9659ec0]:Use system font instead: .AppleSystemUIFont
2023-11-18 15:32:23.732295[Thread 0x00000001d9659ec0]:Can't find HarmonyOS Sans SC font
2023-11-18 15:32:23.732304[Thread 0x00000001d9659ec0]:Use system font instead: .AppleSystemUIFont
2023-11-18 15:32:23.732321[Thread 0x00000001d9659ec0]:Can't find HarmonyOS Sans SC font
2023-11-18 15:32:23.732330[Thread 0x00000001d9659ec0]:Use system font instead: .AppleSystemUIFont
2023-11-18 15:32:23.732341[Thread 0x00000001d9659ec0]:Can't find HarmonyOS Sans SC font
2023-11-18 15:32:23.732349[Thread 0x00000001d9659ec0]:Use system font instead: .AppleSystemUIFont
2023-11-18 15:32:23.732360[Thread 0x00000001d9659ec0]:Can't find HarmonyOS Sans SC font
2023-11-18 15:32:23.732369[Thread 0x00000001d9659ec0]:Use system font instead: .AppleSystemUIFont
2023-11-18 15:32:23.732386[Thread 0x00000001d9659ec0]:Can't find HarmonyOS Sans SC font
2023-11-18 15:32:23.732395[Thread 0x00000001d9659ec0]:Use system font instead: .AppleSystemUIFont
2023-11-18 15:32:23.732405[Thread 0x00000001d9659ec0]:Can't find HarmonyOS Sans SC font
2023-11-18 15:32:23.732414[Thread 0x00000001d9659ec0]:Use system font instead: .AppleSystemUIFont
2023-11-18 15:32:23.732467[Thread 0x00000001d9659ec0]:Can't find HarmonyOS Sans SC font
2023-11-18 15:32:23.732490[Thread 0x00000001d9659ec0]:Use system font instead: .AppleSystemUIFont
2023-11-18 15:32:23.732508[Thread 0x00000001d9659ec0]:Can't find HarmonyOS Sans SC font
2023-11-18 15:32:23.732517[Thread 0x00000001d9659ec0]:Use system font instead: .AppleSystemUIFont
2023-11-18 15:32:23.732533[Thread 0x00000001d9659ec0]:Can't find HarmonyOS Sans SC font
2023-11-18 15:32:23.732542[Thread 0x00000001d9659ec0]:Use system font instead: .AppleSystemUIFont
2023-11-18 15:32:23.732557[Thread 0x00000001d9659ec0]:Can't find HarmonyOS Sans SC font
2023-11-18 15:32:23.732566[Thread 0x00000001d9659ec0]:Use system font instead: .AppleSystemUIFont
2023-11-18 15:32:23.732581[Thread 0x00000001d9659ec0]:Can't find HarmonyOS Sans SC font
2023-11-18 15:32:23.732590[Thread 0x00000001d9659ec0]:Use system font instead: .AppleSystemUIFont
2023-11-18 15:32:23.732605[Thread 0x00000001d9659ec0]:Can't find HarmonyOS Sans SC font
2023-11-18 15:32:23.732614[Thread 0x00000001d9659ec0]:Use system font instead: .AppleSystemUIFont
2023-11-18 15:32:23.732658[Thread 0x00000001d9659ec0]:Can't find HarmonyOS Sans SC font
2023-11-18 15:32:23.732668[Thread 0x00000001d9659ec0]:Use system font instead: .AppleSystemUIFont
2023-11-18 15:32:23.741422[Thread 0x00000001d9659ec0]:CreateWebView: file:/Applications/OrcaSlicer.app/Contents/Resources/web/homepage/index.html?lang=en_US
2023-11-18 15:32:23.799304[Thread 0x00000001d9659ec0]:Can't find HarmonyOS Sans SC font
2023-11-18 15:32:23.799339[Thread 0x00000001d9659ec0]:Use system font instead: .AppleSystemUIFont
2023-11-18 15:32:23.803244[Thread 0x00000001d9659ec0]:Can't find HarmonyOS Sans SC font
2023-11-18 15:32:23.803264[Thread 0x00000001d9659ec0]:Use system font instead: .AppleSystemUIFont
2023-11-18 15:32:23.803284[Thread 0x00000001d9659ec0]:Can't find HarmonyOS Sans SC font
2023-11-18 15:32:23.803295[Thread 0x00000001d9659ec0]:Use system font instead: .AppleSystemUIFont
2023-11-18 15:32:23.803335[Thread 0x00000001d9659ec0]:Can't find HarmonyOS Sans SC font
2023-11-18 15:32:23.803345[Thread 0x00000001d9659ec0]:Use system font instead: .AppleSystemUIFont
2023-11-18 15:32:23.803357[Thread 0x00000001d9659ec0]:Can't find HarmonyOS Sans SC font
2023-11-18 15:32:23.803366[Thread 0x00000001d9659ec0]:Use system font instead: .AppleSystemUIFont
2023-11-18 15:32:23.803378[Thread 0x00000001d9659ec0]:Can't find HarmonyOS Sans SC font
2023-11-18 15:32:23.803387[Thread 0x00000001d9659ec0]:Use system font instead: .AppleSystemUIFont
2023-11-18 15:32:23.803410[Thread 0x00000001d9659ec0]:Can't find HarmonyOS Sans SC font
2023-11-18 15:32:23.803419[Thread 0x00000001d9659ec0]:Use system font instead: .AppleSystemUIFont
2023-11-18 15:32:23.803429[Thread 0x00000001d9659ec0]:Can't find HarmonyOS Sans SC font
2023-11-18 15:32:23.803438[Thread 0x00000001d9659ec0]:Use system font instead: .AppleSystemUIFont
2023-11-18 15:32:23.803559[Thread 0x00000001d9659ec0]:Can't find HarmonyOS Sans SC font
2023-11-18 15:32:23.803572[Thread 0x00000001d9659ec0]:Use system font instead: .AppleSystemUIFont
2023-11-18 15:32:23.803675[Thread 0x00000001d9659ec0]:Can't find HarmonyOS Sans SC font
2023-11-18 15:32:23.803686[Thread 0x00000001d9659ec0]:Use system font instead: .AppleSystemUIFont
2023-11-18 15:32:23.803698[Thread 0x00000001d9659ec0]:Can't find HarmonyOS Sans SC font
2023-11-18 15:32:23.803706[Thread 0x00000001d9659ec0]:Use system font instead: .AppleSystemUIFont
2023-11-18 15:32:23.803726[Thread 0x00000001d9659ec0]:Can't find HarmonyOS Sans SC font
2023-11-18 15:32:23.803735[Thread 0x00000001d9659ec0]:Use system font instead: .AppleSystemUIFont
2023-11-18 15:32:23.803746[Thread 0x00000001d9659ec0]:Can't find HarmonyOS Sans SC font
2023-11-18 15:32:23.803754[Thread 0x00000001d9659ec0]:Use system font instead: .AppleSystemUIFont
2023-11-18 15:32:23.803765[Thread 0x00000001d9659ec0]:Can't find HarmonyOS Sans SC font
2023-11-18 15:32:23.803774[Thread 0x00000001d9659ec0]:Use system font instead: .AppleSystemUIFont
2023-11-18 15:32:23.803792[Thread 0x00000001d9659ec0]:Can't find HarmonyOS Sans SC font
2023-11-18 15:32:23.803801[Thread 0x00000001d9659ec0]:Use system font instead: .AppleSystemUIFont
2023-11-18 15:32:23.803843[Thread 0x00000001d9659ec0]:Can't find HarmonyOS Sans SC font
2023-11-18 15:32:23.803852[Thread 0x00000001d9659ec0]:Use system font instead: .AppleSystemUIFont
2023-11-18 15:32:23.803915[Thread 0x00000001d9659ec0]:Can't find HarmonyOS Sans SC font
2023-11-18 15:32:23.803926[Thread 0x00000001d9659ec0]:Use system font instead: .AppleSystemUIFont
2023-11-18 15:32:23.803980[Thread 0x00000001d9659ec0]:Can't find HarmonyOS Sans SC font
2023-11-18 15:32:23.803991[Thread 0x00000001d9659ec0]:Use system font instead: .AppleSystemUIFont
2023-11-18 15:32:23.804093[Thread 0x00000001d9659ec0]:Can't find HarmonyOS Sans SC font
2023-11-18 15:32:23.804104[Thread 0x00000001d9659ec0]:Use system font instead: .AppleSystemUIFont
2023-11-18 15:32:23.804116[Thread 0x00000001d9659ec0]:Can't find HarmonyOS Sans SC font
2023-11-18 15:32:23.804125[Thread 0x00000001d9659ec0]:Use system font instead: .AppleSystemUIFont
2023-11-18 15:32:23.804144[Thread 0x00000001d9659ec0]:Can't find HarmonyOS Sans SC font
2023-11-18 15:32:23.804153[Thread 0x00000001d9659ec0]:Use system font instead: .AppleSystemUIFont
2023-11-18 15:32:23.804163[Thread 0x00000001d9659ec0]:Can't find HarmonyOS Sans SC font
2023-11-18 15:32:23.804172[Thread 0x00000001d9659ec0]:Use system font instead: .AppleSystemUIFont
2023-11-18 15:32:23.804183[Thread 0x00000001d9659ec0]:Can't find HarmonyOS Sans SC font
2023-11-18 15:32:23.804191[Thread 0x00000001d9659ec0]:Use system font instead: .AppleSystemUIFont
2023-11-18 15:32:23.804209[Thread 0x00000001d9659ec0]:Can't find HarmonyOS Sans SC font
2023-11-18 15:32:23.804218[Thread 0x00000001d9659ec0]:Use system font instead: .AppleSystemUIFont
2023-11-18 15:32:23.804229[Thread 0x00000001d9659ec0]:Can't find HarmonyOS Sans SC font
2023-11-18 15:32:23.804237[Thread 0x00000001d9659ec0]:Use system font instead: .AppleSystemUIFont
2023-11-18 15:32:23.804295[Thread 0x00000001d9659ec0]:Can't find HarmonyOS Sans SC font
2023-11-18 15:32:23.804306[Thread 0x00000001d9659ec0]:Use system font instead: .AppleSystemUIFont
2023-11-18 15:32:23.804326[Thread 0x00000001d9659ec0]:Can't find HarmonyOS Sans SC font
2023-11-18 15:32:23.804336[Thread 0x00000001d9659ec0]:Use system font instead: .AppleSystemUIFont
2023-11-18 15:32:23.804353[Thread 0x00000001d9659ec0]:Can't find HarmonyOS Sans SC font
2023-11-18 15:32:23.804362[Thread 0x00000001d9659ec0]:Use system font instead: .AppleSystemUIFont
2023-11-18 15:32:23.804407[Thread 0x00000001d9659ec0]:Can't find HarmonyOS Sans SC font
2023-11-18 15:32:23.804417[Thread 0x00000001d9659ec0]:Use system font instead: .AppleSystemUIFont
2023-11-18 15:32:23.804428[Thread 0x00000001d9659ec0]:Can't find HarmonyOS Sans SC font
2023-11-18 15:32:23.804436[Thread 0x00000001d9659ec0]:Use system font instead: .AppleSystemUIFont
2023-11-18 15:32:23.804454[Thread 0x00000001d9659ec0]:Can't find HarmonyOS Sans SC font
2023-11-18 15:32:23.804462[Thread 0x00000001d9659ec0]:Use system font instead: .AppleSystemUIFont
2023-11-18 15:32:23.804473[Thread 0x00000001d9659ec0]:Can't find HarmonyOS Sans SC font
2023-11-18 15:32:23.804481[Thread 0x00000001d9659ec0]:Use system font instead: .AppleSystemUIFont
2023-11-18 15:32:23.804492[Thread 0x00000001d9659ec0]:Can't find HarmonyOS Sans SC font
2023-11-18 15:32:23.804501[Thread 0x00000001d9659ec0]:Use system font instead: .AppleSystemUIFont
2023-11-18 15:32:23.804518[Thread 0x00000001d9659ec0]:Can't find HarmonyOS Sans SC font
2023-11-18 15:32:23.804527[Thread 0x00000001d9659ec0]:Use system font instead: .AppleSystemUIFont
2023-11-18 15:32:23.804537[Thread 0x00000001d9659ec0]:Can't find HarmonyOS Sans SC font
2023-11-18 15:32:23.804546[Thread 0x00000001d9659ec0]:Use system font instead: .AppleSystemUIFont
2023-11-18 15:32:23.804606[Thread 0x00000001d9659ec0]:Can't find HarmonyOS Sans SC font
2023-11-18 15:32:23.804617[Thread 0x00000001d9659ec0]:Use system font instead: .AppleSystemUIFont
2023-11-18 15:32:23.804635[Thread 0x00000001d9659ec0]:Can't find HarmonyOS Sans SC font
2023-11-18 15:32:23.804644[Thread 0x00000001d9659ec0]:Use system font instead: .AppleSystemUIFont
2023-11-18 15:32:23.804678[Thread 0x00000001d9659ec0]:Can't find HarmonyOS Sans SC font
2023-11-18 15:32:23.804688[Thread 0x00000001d9659ec0]:Use system font instead: .AppleSystemUIFont
2023-11-18 15:32:23.804703[Thread 0x00000001d9659ec0]:Can't find HarmonyOS Sans SC font
2023-11-18 15:32:23.804713[Thread 0x00000001d9659ec0]:Use system font instead: .AppleSystemUIFont
2023-11-18 15:32:23.804742[Thread 0x00000001d9659ec0]:Can't find HarmonyOS Sans SC font
2023-11-18 15:32:23.804752[Thread 0x00000001d9659ec0]:Use system font instead: .AppleSystemUIFont
2023-11-18 15:32:23.804763[Thread 0x00000001d9659ec0]:Can't find HarmonyOS Sans SC font
2023-11-18 15:32:23.804771[Thread 0x00000001d9659ec0]:Use system font instead: .AppleSystemUIFont
2023-11-18 15:32:23.804789[Thread 0x00000001d9659ec0]:Can't find HarmonyOS Sans SC font
2023-11-18 15:32:23.804798[Thread 0x00000001d9659ec0]:Use system font instead: .AppleSystemUIFont
2023-11-18 15:32:23.804808[Thread 0x00000001d9659ec0]:Can't find HarmonyOS Sans SC font
2023-11-18 15:32:23.804817[Thread 0x00000001d9659ec0]:Use system font instead: .AppleSystemUIFont
2023-11-18 15:32:23.804828[Thread 0x00000001d9659ec0]:Can't find HarmonyOS Sans SC font
2023-11-18 15:32:23.804836[Thread 0x00000001d9659ec0]:Use system font instead: .AppleSystemUIFont
2023-11-18 15:32:23.804853[Thread 0x00000001d9659ec0]:Can't find HarmonyOS Sans SC font
2023-11-18 15:32:23.804862[Thread 0x00000001d9659ec0]:Use system font instead: .AppleSystemUIFont
2023-11-18 15:32:23.804872[Thread 0x00000001d9659ec0]:Can't find HarmonyOS Sans SC font
2023-11-18 15:32:23.804881[Thread 0x00000001d9659ec0]:Use system font instead: .AppleSystemUIFont
2023-11-18 15:32:23.804938[Thread 0x00000001d9659ec0]:Can't find HarmonyOS Sans SC font
2023-11-18 15:32:23.804948[Thread 0x00000001d9659ec0]:Use system font instead: .AppleSystemUIFont
2023-11-18 15:32:23.804964[Thread 0x00000001d9659ec0]:Can't find HarmonyOS Sans SC font
2023-11-18 15:32:23.804973[Thread 0x00000001d9659ec0]:Use system font instead: .AppleSystemUIFont
2023-11-18 15:32:23.804988[Thread 0x00000001d9659ec0]:Can't find HarmonyOS Sans SC font
2023-11-18 15:32:23.804998[Thread 0x00000001d9659ec0]:Use system font instead: .AppleSystemUIFont
2023-11-18 15:32:23.805012[Thread 0x00000001d9659ec0]:Can't find HarmonyOS Sans SC font
2023-11-18 15:32:23.805022[Thread 0x00000001d9659ec0]:Use system font instead: .AppleSystemUIFont
2023-11-18 15:32:23.805037[Thread 0x00000001d9659ec0]:Can't find HarmonyOS Sans SC font
2023-11-18 15:32:23.805046[Thread 0x00000001d9659ec0]:Use system font instead: .AppleSystemUIFont
2023-11-18 15:32:23.805073[Thread 0x00000001d9659ec0]:Can't find HarmonyOS Sans SC font
2023-11-18 15:32:23.805083[Thread 0x00000001d9659ec0]:Use system font instead: .AppleSystemUIFont
2023-11-18 15:32:23.805093[Thread 0x00000001d9659ec0]:Can't find HarmonyOS Sans SC font
2023-11-18 15:32:23.805101[Thread 0x00000001d9659ec0]:Use system font instead: .AppleSystemUIFont
2023-11-18 15:32:23.805118[Thread 0x00000001d9659ec0]:Can't find HarmonyOS Sans SC font
2023-11-18 15:32:23.805126[Thread 0x00000001d9659ec0]:Use system font instead: .AppleSystemUIFont
2023-11-18 15:32:23.805136[Thread 0x00000001d9659ec0]:Can't find HarmonyOS Sans SC font
2023-11-18 15:32:23.805144[Thread 0x00000001d9659ec0]:Use system font instead: .AppleSystemUIFont
2023-11-18 15:32:23.805155[Thread 0x00000001d9659ec0]:Can't find HarmonyOS Sans SC font
2023-11-18 15:32:23.805163[Thread 0x00000001d9659ec0]:Use system font instead: .AppleSystemUIFont
2023-11-18 15:32:23.805179[Thread 0x00000001d9659ec0]:Can't find HarmonyOS Sans SC font
2023-11-18 15:32:23.805188[Thread 0x00000001d9659ec0]:Use system font instead: .AppleSystemUIFont
2023-11-18 15:32:23.805197[Thread 0x00000001d9659ec0]:Can't find HarmonyOS Sans SC font
2023-11-18 15:32:23.805206[Thread 0x00000001d9659ec0]:Use system font instead: .AppleSystemUIFont
2023-11-18 15:32:23.805260[Thread 0x00000001d9659ec0]:Can't find HarmonyOS Sans SC font
2023-11-18 15:32:23.805270[Thread 0x00000001d9659ec0]:Use system font instead: .AppleSystemUIFont
2023-11-18 15:32:23.805300[Thread 0x00000001d9659ec0]:Can't find HarmonyOS Sans SC font
2023-11-18 15:32:23.805309[Thread 0x00000001d9659ec0]:Use system font instead: .AppleSystemUIFont
2023-11-18 15:32:23.805324[Thread 0x00000001d9659ec0]:Can't find HarmonyOS Sans SC font
2023-11-18 15:32:23.805333[Thread 0x00000001d9659ec0]:Use system font instead: .AppleSystemUIFont
2023-11-18 15:32:23.805347[Thread 0x00000001d9659ec0]:Can't find HarmonyOS Sans SC font
2023-11-18 15:32:23.805356[Thread 0x00000001d9659ec0]:Use system font instead: .AppleSystemUIFont
2023-11-18 15:32:23.805370[Thread 0x00000001d9659ec0]:Can't find HarmonyOS Sans SC font
2023-11-18 15:32:23.805379[Thread 0x00000001d9659ec0]:Use system font instead: .AppleSystemUIFont
2023-11-18 15:32:23.805394[Thread 0x00000001d9659ec0]:Can't find HarmonyOS Sans SC font
2023-11-18 15:32:23.805402[Thread 0x00000001d9659ec0]:Use system font instead: .AppleSystemUIFont
2023-11-18 15:32:23.805430[Thread 0x00000001d9659ec0]:Can't find HarmonyOS Sans SC font
2023-11-18 15:32:23.805440[Thread 0x00000001d9659ec0]:Use system font instead: .AppleSystemUIFont
2023-11-18 15:32:23.805450[Thread 0x00000001d9659ec0]:Can't find HarmonyOS Sans SC font
2023-11-18 15:32:23.805458[Thread 0x00000001d9659ec0]:Use system font instead: .AppleSystemUIFont
2023-11-18 15:32:23.805474[Thread 0x00000001d9659ec0]:Can't find HarmonyOS Sans SC font
2023-11-18 15:32:23.805483[Thread 0x00000001d9659ec0]:Use system font instead: .AppleSystemUIFont
2023-11-18 15:32:23.805493[Thread 0x00000001d9659ec0]:Can't find HarmonyOS Sans SC font
2023-11-18 15:32:23.805501[Thread 0x00000001d9659ec0]:Use system font instead: .AppleSystemUIFont
2023-11-18 15:32:23.805511[Thread 0x00000001d9659ec0]:Can't find HarmonyOS Sans SC font
2023-11-18 15:32:23.805520[Thread 0x00000001d9659ec0]:Use system font instead: .AppleSystemUIFont
2023-11-18 15:32:23.805536[Thread 0x00000001d9659ec0]:Can't find HarmonyOS Sans SC font
2023-11-18 15:32:23.805544[Thread 0x00000001d9659ec0]:Use system font instead: .AppleSystemUIFont
2023-11-18 15:32:23.805554[Thread 0x00000001d9659ec0]:Can't find HarmonyOS Sans SC font
2023-11-18 15:32:23.805562[Thread 0x00000001d9659ec0]:Use system font instead: .AppleSystemUIFont
2023-11-18 15:32:23.805616[Thread 0x00000001d9659ec0]:Can't find HarmonyOS Sans SC font
2023-11-18 15:32:23.805626[Thread 0x00000001d9659ec0]:Use system font instead: .AppleSystemUIFont
2023-11-18 15:32:23.805641[Thread 0x00000001d9659ec0]:Can't find HarmonyOS Sans SC font
2023-11-18 15:32:23.805650[Thread 0x00000001d9659ec0]:Use system font instead: .AppleSystemUIFont
2023-11-18 15:32:23.805665[Thread 0x00000001d9659ec0]:Can't find HarmonyOS Sans SC font
2023-11-18 15:32:23.805673[Thread 0x00000001d9659ec0]:Use system font instead: .AppleSystemUIFont
2023-11-18 15:32:23.805688[Thread 0x00000001d9659ec0]:Can't find HarmonyOS Sans SC font
2023-11-18 15:32:23.805697[Thread 0x00000001d9659ec0]:Use system font instead: .AppleSystemUIFont
2023-11-18 15:32:23.805711[Thread 0x00000001d9659ec0]:Can't find HarmonyOS Sans SC font
